# Created by Octave 5.1.0, Mon May 13 04:14:00 2019 -03 <segundofarina@MacBook-Pro-de-Segundo.local>
# name: P
# type: global scalar struct
# ndims: 2
 1 1
# length: 17
# name: hiddenLayers
# type: matrix
# rows: 1
# columns: 2
 15 30


# name: inputs
# type: matrix
# rows: 2
# columns: 441
 0.94810000000000005 -1.8859999999999999 -2.7637999999999998 2.1128 1.3606 -1.1384000000000001 0.94810000000000005 2.2370000000000001 0.29330000000000001 -2.4849999999999999 0.29330000000000001 0.29330000000000001 2.8666 0.62690000000000001 -1.3664000000000001 2.6259000000000001 0 -2.7637999999999998 0 1.9628000000000001 0.94810000000000005 0 -2.4849999999999999 -1.8859999999999999 -0.59230000000000005 -0.59230000000000005 1.3606 0 0.62690000000000001 2.8666 -1.8859999999999999 -2.7637999999999998 2.1128 -1.1384000000000001 -2.7637999999999998 1.9628000000000001 2.6259000000000001 -1.8973 -0.59230000000000005 0.94810000000000005 -0.59230000000000005 -2.4849999999999999 1.9628000000000001 -0.27010000000000001 -2.4849999999999999 -0.94120000000000004 0.94810000000000005 1.9628000000000001 -2.9369000000000001 -2.9369000000000001 -2.7637999999999998 2.2370000000000001 1.1377999999999999 2.1128 2.2370000000000001 -1.8973 -1.3664000000000001 -1.3664000000000001 -0.27010000000000001 1.3606 0 2.6259000000000001 1.3606 2.6259000000000001 -1.3664000000000001 2.2370000000000001 2.6259000000000001 -1.8973 -0.59230000000000005 -2.4849999999999999 -2.9369000000000001 0.29330000000000001 0.29330000000000001 0 -2.7637999999999998 -2.9369000000000001 -1.8859999999999999 1.3606 2.2370000000000001 -0.94120000000000004 2.2370000000000001 2.8666 -0.59230000000000005 2.6259000000000001 0.94810000000000005 2.6259000000000001 1.3606 1.1377999999999999 1.9628000000000001 2.1128 0.62690000000000001 -1.3664000000000001 2.8666 2.6259000000000001 0.62690000000000001 -1.1384000000000001 -2.9369000000000001 0.62690000000000001 -2.4849999999999999 -0.94120000000000004 -2.9369000000000001 2.8666 -1.1384000000000001 0.62690000000000001 2.2370000000000001 -1.8859999999999999 2.1128 2.6259000000000001 0.62690000000000001 1.9628000000000001 0.29330000000000001 -1.3664000000000001 0.29330000000000001 -2.4849999999999999 -1.3664000000000001 -0.27010000000000001 1.9628000000000001 -2.7637999999999998 -1.8859999999999999 -1.8973 1.1377999999999999 0.62690000000000001 -0.94120000000000004 2.2370000000000001 2.2370000000000001 -0.27010000000000001 0.62690000000000001 2.1128 2.1128 -2.4849999999999999 -1.1384000000000001 0 -1.8973 -1.8859999999999999 -1.8973 0.62690000000000001 1.9628000000000001 -1.8973 0.29330000000000001 -1.8973 0.94810000000000005 0 2.2370000000000001 0.62690000000000001 -1.8973 -1.8859999999999999 2.8666 -1.8973 0.29330000000000001 -1.8973 1.9628000000000001 2.2370000000000001 0.94810000000000005 -0.27010000000000001 1.1377999999999999 -1.8859999999999999 0.29330000000000001 1.1377999999999999 0.29330000000000001 1.1377999999999999 -1.1384000000000001 0.94810000000000005 -1.3664000000000001 0.29330000000000001 2.8666 -1.8859999999999999 0.94810000000000005 -2.7637999999999998 1.1377999999999999 2.2370000000000001 -1.3664000000000001 -2.7637999999999998 -1.3664000000000001 -1.8859999999999999 -0.59230000000000005 -0.59230000000000005 -0.59230000000000005 0 0.29330000000000001 -0.27010000000000001 -1.3664000000000001 2.6259000000000001 1.3606 2.2370000000000001 -0.27010000000000001 -2.4849999999999999 2.1128 -2.4849999999999999 0.94810000000000005 2.1128 -1.1384000000000001 -0.94120000000000004 2.2370000000000001 -1.1384000000000001 -1.1384000000000001 0 1.3606 -0.59230000000000005 0 1.1377999999999999 2.8666 -1.1384000000000001 -0.27010000000000001 -0.27010000000000001 2.1128 -2.7637999999999998 -2.4849999999999999 -0.27010000000000001 2.1128 0.62690000000000001 -0.94120000000000004 1.9628000000000001 -0.94120000000000004 -1.8973 -1.8973 2.2370000000000001 -0.27010000000000001 2.8666 -1.8973 2.1128 -2.7637999999999998 1.9628000000000001 -0.94120000000000004 1.3606 1.9628000000000001 1.9628000000000001 1.1377999999999999 -2.9369000000000001 -1.8859999999999999 2.6259000000000001 1.3606 -1.8973 -2.7637999999999998 0 -0.94120000000000004 -0.59230000000000005 2.1128 2.2370000000000001 -0.59230000000000005 -0.94120000000000004 2.2370000000000001 1.1377999999999999 2.1128 -0.27010000000000001 -1.8859999999999999 0 0.62690000000000001 2.8666 1.3606 0.29330000000000001 -1.1384000000000001 0.62690000000000001 2.1128 2.1128 1.3606 -1.8973 -2.4849999999999999 0.29330000000000001 0.62690000000000001 -2.4849999999999999 -0.94120000000000004 1.3606 -2.7637999999999998 -2.7637999999999998 2.8666 -0.59230000000000005 -2.7637999999999998 -1.8859999999999999 -0.27010000000000001 1.3606 -2.9369000000000001 1.1377999999999999 1.1377999999999999 1.9628000000000001 0.94810000000000005 2.6259000000000001 -0.27010000000000001 -2.9369000000000001 -1.3664000000000001 2.6259000000000001 1.3606 -2.9369000000000001 2.8666 1.9628000000000001 -0.94120000000000004 -2.9369000000000001 0.94810000000000005 -0.59230000000000005 1.3606 -1.8973 -2.4849999999999999 -1.8973 0.94810000000000005 0.62690000000000001 -1.3664000000000001 1.3606 -1.8859999999999999 -0.94120000000000004 -1.8859999999999999 -0.59230000000000005 0.94810000000000005 -2.4849999999999999 -2.7637999999999998 0.29330000000000001 2.8666 -1.8973 1.1377999999999999 -0.94120000000000004 0.29330000000000001 -2.9369000000000001 -0.94120000000000004 -2.9369000000000001 2.6259000000000001 -0.59230000000000005 2.1128 -2.9369000000000001 0.94810000000000005 2.8666 -2.4849999999999999 2.6259000000000001 -1.1384000000000001 2.8666 -2.9369000000000001 0 -0.94120000000000004 -1.1384000000000001 -0.59230000000000005 -2.4849999999999999 0.29330000000000001 -0.94120000000000004 2.1128 -1.1384000000000001 -1.3664000000000001 0 0.29330000000000001 2.6259000000000001 -0.27010000000000001 -2.7637999999999998 -1.1384000000000001 2.6259000000000001 2.8666 -1.1384000000000001 0.62690000000000001 -0.27010000000000001 -0.59230000000000005 -0.27010000000000001 -1.1384000000000001 2.8666 -0.94120000000000004 -0.27010000000000001 -1.8973 2.6259000000000001 -0.94120000000000004 0.62690000000000001 1.9628000000000001 1.9628000000000001 -1.1384000000000001 1.9628000000000001 -2.9369000000000001 0.62690000000000001 2.8666 -2.4849999999999999 -2.7637999999999998 -0.27010000000000001 0.94810000000000005 0 -2.4849999999999999 -0.94120000000000004 -1.1384000000000001 -0.59230000000000005 1.3606 1.3606 1.1377999999999999 0 1.3606 1.1377999999999999 1.1377999999999999 0 -1.3664000000000001 -1.8859999999999999 -0.27010000000000001 2.1128 -1.1384000000000001 1.1377999999999999 1.1377999999999999 2.2370000000000001 1.9628000000000001 -1.3664000000000001 0.29330000000000001 -1.8973 1.9628000000000001 -2.9369000000000001 -1.1384000000000001 2.1128 -2.7637999999999998 0 2.1128 -0.94120000000000004 2.8666 -1.8859999999999999 0.94810000000000005 -2.7637999999999998 -1.3664000000000001 -1.3664000000000001 0.94810000000000005 -1.8859999999999999 2.8666 2.6259000000000001 2.2370000000000001 -2.4849999999999999 -2.4849999999999999 0.62690000000000001 -1.3664000000000001 -1.8859999999999999 1.3606 -1.3664000000000001 2.6259000000000001 -2.9369000000000001 2.8666 0.94810000000000005 1.1377999999999999 0.62690000000000001 2.2370000000000001 -0.59230000000000005 0.29330000000000001 -2.9369000000000001 -2.7637999999999998 -1.8859999999999999 -2.9369000000000001 -1.3664000000000001 1.1377999999999999 1.1377999999999999 0 0.94810000000000005 2.6259000000000001 -2.9369000000000001 -0.59230000000000005 0 2.2370000000000001 -0.27010000000000001 1.9628000000000001
 -2.7761 -1.3962000000000001 0 -1.9031 1.7444999999999999 0.3226 2.8027000000000002 -0.88419999999999999 0.55110000000000003 -2.2170999999999998 -3.0484 -1.9031 2.0432999999999999 -3.0484 -0.2792 1.7444999999999999 -1.3024 -0.2792 -2.2170999999999998 2.0432999999999999 -0.2792 -1.9031 2.8027000000000002 -3.0484 0 -3.0484 -3.0484 -1.3962000000000001 -0.2792 1.7444999999999999 0.55110000000000003 -0.88419999999999999 -0.2792 1.7444999999999999 -2.7761 -2.2170999999999998 0.55110000000000003 2.8027000000000002 -0.88419999999999999 0.3226 1.2464 -1.7930999999999999 -1.3962000000000001 -2.2170999999999998 -0.2792 0.3226 1.4013 -0.2792 1.2464 2.9243000000000001 2.0432999999999999 -1.9031 -2.2170999999999998 -1.3024 -0.2792 0 -0.88419999999999999 2.8027000000000002 -1.3024 2.3239999999999998 1.2464 -2.2170999999999998 0.55110000000000003 2.9243000000000001 -1.7930999999999999 -3.0484 0.3226 -2.7761 1.7444999999999999 1.7444999999999999 -0.58850000000000002 -1.7930999999999999 -1.3024 0.86990000000000001 2.9243000000000001 -3.0484 -2.7761 -2.7761 0.55110000000000003 1.7444999999999999 -2.2170999999999998 -1.9031 2.0432999999999999 -1.7930999999999999 -1.3024 0.86990000000000001 2.0432999999999999 2.3239999999999998 2.3239999999999998 -1.7930999999999999 0.86990000000000001 2.0432999999999999 -1.3962000000000001 -1.3024 -2.2170999999999998 2.9243000000000001 -2.7761 0 -2.7761 -1.3962000000000001 -1.9031 1.4013 -3.0484 2.0432999999999999 1.7444999999999999 -1.7930999999999999 -1.3962000000000001 -1.3962000000000001 2.9243000000000001 0.3226 -2.2170999999999998 -0.58850000000000002 2.3239999999999998 0.3226 0.86990000000000001 -3.0484 -3.0484 -1.7930999999999999 -1.9031 2.9243000000000001 2.9243000000000001 2.3239999999999998 -0.2792 2.0432999999999999 -0.58850000000000002 0 1.4013 0.55110000000000003 1.4013 -1.3024 0.86990000000000001 2.8027000000000002 -1.3962000000000001 -0.2792 -0.88419999999999999 -0.88419999999999999 -2.7761 1.4013 1.2464 -1.3024 0.86990000000000001 -1.7930999999999999 0.86990000000000001 0.3226 -1.7930999999999999 2.9243000000000001 -3.0484 -1.9031 -0.58850000000000002 1.7444999999999999 -0.88419999999999999 -1.3962000000000001 1.7444999999999999 1.2464 -3.0484 0.3226 0.86990000000000001 1.4013 -0.88419999999999999 2.8027000000000002 0 -2.2170999999999998 2.9243000000000001 -0.2792 2.8027000000000002 -0.88419999999999999 -1.3962000000000001 1.7444999999999999 -0.58850000000000002 0.3226 -2.2170999999999998 2.3239999999999998 -3.0484 1.2464 2.8027000000000002 -1.3024 -1.7930999999999999 1.7444999999999999 2.0432999999999999 0.3226 0.3226 2.8027000000000002 -0.2792 -1.7930999999999999 -1.9031 0.86990000000000001 -0.58850000000000002 -3.0484 -3.0484 2.9243000000000001 0.55110000000000003 2.0432999999999999 2.9243000000000001 -1.3962000000000001 -1.3024 -0.2792 -1.7930999999999999 2.9243000000000001 2.9243000000000001 -0.88419999999999999 0.86990000000000001 2.3239999999999998 -0.58850000000000002 -0.2792 1.2464 2.8027000000000002 -0.88419999999999999 -1.7930999999999999 -2.2170999999999998 -1.3024 0.86990000000000001 0.55110000000000003 0.55110000000000003 -2.2170999999999998 0.3226 2.3239999999999998 -0.88419999999999999 -1.7930999999999999 -0.2792 2.8027000000000002 -0.58850000000000002 0 0 2.9243000000000001 1.2464 1.7444999999999999 -1.3962000000000001 1.4013 2.3239999999999998 0 -0.88419999999999999 -3.0484 -1.3024 0 -1.3024 -0.58850000000000002 2.0432999999999999 -1.3024 -2.7761 -1.7930999999999999 0 0.86990000000000001 1.7444999999999999 2.9243000000000001 -0.58850000000000002 2.0432999999999999 1.2464 1.2464 -1.9031 2.8027000000000002 -1.7930999999999999 1.7444999999999999 -0.88419999999999999 -3.0484 -0.58850000000000002 1.2464 2.9243000000000001 0.3226 -1.3962000000000001 0 -0.58850000000000002 -1.3024 -1.3962000000000001 1.4013 0.3226 -1.9031 1.2464 0.86990000000000001 2.3239999999999998 1.2464 -2.2170999999999998 -1.3024 1.2464 -1.7930999999999999 2.9243000000000001 -2.7761 1.7444999999999999 -1.3024 1.4013 -1.9031 -2.2170999999999998 -0.2792 -0.2792 2.8027000000000002 2.9243000000000001 -1.3962000000000001 -1.9031 -2.2170999999999998 0.86990000000000001 -0.58850000000000002 1.2464 2.3239999999999998 0 -0.58850000000000002 2.3239999999999998 1.4013 -1.3024 2.3239999999999998 -2.2170999999999998 -1.3962000000000001 -0.88419999999999999 1.4013 0.86990000000000001 -2.7761 -1.3024 2.0432999999999999 -0.2792 2.8027000000000002 -1.3962000000000001 -1.7930999999999999 -3.0484 0.86990000000000001 -0.88419999999999999 2.3239999999999998 2.3239999999999998 0.55110000000000003 0.55110000000000003 -0.88419999999999999 2.3239999999999998 2.0432999999999999 -1.9031 0.55110000000000003 2.3239999999999998 0.55110000000000003 1.4013 -0.88419999999999999 0.3226 -1.3962000000000001 0 -1.9031 0 1.4013 0 1.4013 1.4013 2.3239999999999998 2.0432999999999999 -1.9031 1.2464 -3.0484 -2.2170999999999998 -2.2170999999999998 0.55110000000000003 -1.3962000000000001 -0.2792 0.86990000000000001 -0.2792 2.9243000000000001 1.2464 0.55110000000000003 0.86990000000000001 1.2464 -2.2170999999999998 -1.7930999999999999 2.9243000000000001 1.4013 2.0432999999999999 0.86990000000000001 2.8027000000000002 -1.9031 0 -1.9031 0.55110000000000003 1.4013 2.3239999999999998 0.3226 2.0432999999999999 -0.88419999999999999 2.8027000000000002 0.86990000000000001 0 2.8027000000000002 0.55110000000000003 -0.58850000000000002 -1.3962000000000001 -1.9031 1.7444999999999999 -0.88419999999999999 -1.9031 0 -2.7761 0.3226 -2.7761 -1.7930999999999999 0.3226 2.8027000000000002 -1.3024 -1.3024 2.9243000000000001 0.55110000000000003 -0.58850000000000002 -0.88419999999999999 -0.58850000000000002 -2.7761 -2.2170999999999998 -3.0484 0.86990000000000001 -2.7761 -0.58850000000000002 2.0432999999999999 -1.7930999999999999 0.3226 0.55110000000000003 1.2464 -0.58850000000000002 1.7444999999999999 2.3239999999999998 1.4013 -2.7761 -0.58850000000000002 0.55110000000000003 2.8027000000000002 -1.3962000000000001 2.8027000000000002 0.3226 -2.7761 -0.58850000000000002 1.7444999999999999 -2.7761 1.2464 2.0432999999999999 -2.7761 1.2464 0.55110000000000003 1.7444999999999999 0.3226 -3.0484 1.4013 2.0432999999999999 1.7444999999999999 -2.7761 0 2.3239999999999998 2.0432999999999999 -0.2792 0 1.4013 -2.7761 1.4013 2.8027000000000002 -1.9031


# name: outputs
# type: matrix
# rows: 1
# columns: 441
 0.0453 0.0016000000000000001 0.016400000000000001 0.1246 0.0023999999999999998 0.63109999999999999 0.00080000000000000004 0.19239999999999999 0.2036 0 0.0086 0.27379999999999999 0 0.0135 0.15740000000000001 0 0.34539999999999998 0.0080000000000000002 0.076799999999999993 0.0001 0.60940000000000005 0.17180000000000001 0.0045999999999999999 0 0.30940000000000001 0.0011999999999999999 0.012500000000000001 0.29320000000000002 0.51319999999999999 0 0.36430000000000001 0.0012999999999999999 0.17929999999999999 0.6079 0 0.083000000000000004 0.0061000000000000004 0.0161 0.099699999999999997 0.17319999999999999 0.79490000000000005 0 0.30509999999999998 0.043499999999999997 0.022499999999999999 0.66290000000000004 0.023699999999999999 0.24410000000000001 0.023199999999999998 0.00050000000000000001 0.0144 0.1041 0.2205 0.24229999999999999 0.12740000000000001 0.17560000000000001 0.029000000000000001 0.031199999999999999 0.18010000000000001 0.00059999999999999995 0.3518 0.016500000000000001 0.074700000000000003 0 0.0022000000000000001 0.0033999999999999998 0.0117 0 0.46889999999999998 0.059200000000000003 0.0020999999999999999 0.3362 0.57199999999999995 0.39560000000000001 0.0011000000000000001 0 0 0.038800000000000001 0.0178 0.62139999999999995 0.046300000000000001 0.0135 0.30790000000000001 0.040500000000000001 0.93130000000000002 0.002 0.0012999999999999999 0.0016999999999999999 0 0.14080000000000001 0.091399999999999995 0.2848 0.027099999999999999 0.070400000000000004 0.20399999999999999 0.0258 0 0.318 0 0.021499999999999998 0 0.0001 0.00020000000000000001 0.021899999999999999 0.0001 0.00029999999999999997 0.2601 0.060100000000000001 0.0019 0.068199999999999997 0.1313 0.074200000000000002 0.029700000000000001 0.073899999999999993 0.90249999999999997 0.0028 0.0063 0 0.00020000000000000001 0.0118 0.00020000000000000001 0.012800000000000001 0.22559999999999999 0 0.1855 0.31419999999999998 0.064000000000000001 0.0276 0.001 0.00059999999999999995 0.88780000000000003 0.012999999999999999 0.0018 0.085300000000000001 0.0121 0.85860000000000003 0.017999999999999999 0.39129999999999998 0.1918 0.0023999999999999998 0.056099999999999997 0.20549999999999999 0.0067999999999999996 0.20910000000000001 0.00029999999999999997 0.0118 0.00050000000000000001 0.00020000000000000001 0.51700000000000002 0.27760000000000001 0.40300000000000002 0.16800000000000001 0.0129 0.5383 0.0141 0.28089999999999998 0.21879999999999999 0.0109 0.62029999999999996 0.00040000000000000002 0.3805 0.23430000000000001 0.02 0.38619999999999999 0 0.012500000000000001 0.79249999999999998 0.024400000000000002 0.75600000000000001 0.038399999999999997 0.00089999999999999998 0.0073000000000000001 0.0001 0.46550000000000002 0.034599999999999999 0.070000000000000007 0.0402 0.1983 0.061199999999999997 0.39979999999999999 0.55379999999999996 0 0.51380000000000003 0.1086 0.094899999999999998 0.1113 0.24060000000000001 0 0.016199999999999999 0 0.83679999999999999 0.31609999999999999 0 0.013100000000000001 0.0135 0.2828 0.45729999999999998 0.0195 0.0091999999999999998 1.0552999999999999 0.001 0.1699 0.22600000000000001 0.2281 0.0018 0.0018 0.0033 0.1134 0.063600000000000004 0.82609999999999995 0.95340000000000003 0.033099999999999997 0.88119999999999998 0.0001 0.29670000000000002 0 0.21379999999999999 0.015699999999999999 0.095799999999999996 0 0.0037000000000000002 0.13420000000000001 0.38279999999999997 0.0001 0.0025999999999999999 0.00029999999999999997 0.88749999999999996 0.021399999999999999 0.078600000000000003 0.0241 0.79500000000000004 0 0.00020000000000000001 0.28739999999999999 0.025399999999999999 0.12429999999999999 0.0001 0.1993 0.0033999999999999998 0.0115 0.085199999999999998 0.042700000000000002 0.00020000000000000001 0.013599999999999999 0.039399999999999998 0.1321 0.073800000000000004 0.00020000000000000001 0.40429999999999999 0.0067000000000000002 0.0054999999999999997 0.044999999999999998 0.27410000000000001 0.0040000000000000001 0.70530000000000004 0.45300000000000001 0.0027000000000000001 0.2394 0.72170000000000001 0.039199999999999999 0.1072 0.87549999999999994 0.0001 0.0344 0.0058999999999999999 0.0344 0.046100000000000002 0.48039999999999999 0.092700000000000005 0.0088999999999999999 0 0.84379999999999999 0.017500000000000002 0.21490000000000001 0.00050000000000000001 0.0030000000000000001 0.36049999999999999 0.0001 0.79610000000000003 0.029100000000000001 0.18490000000000001 0.0047000000000000002 0.018700000000000001 0 0.024199999999999999 0.0001 0.45500000000000002 0.017600000000000001 0.032099999999999997 0.034299999999999997 0.096299999999999997 0.079100000000000004 0.40350000000000003 0.78759999999999997 0.1656 0.0058999999999999999 0.0027000000000000001 0.1893 0.0001 0.075300000000000006 0.95979999999999999 0.0998 0.044600000000000001 0.024400000000000002 0.026499999999999999 0.15989999999999999 0.52990000000000004 0.036900000000000002 0.56310000000000004 0 0.00029999999999999997 0.0241 0.073999999999999996 0.1323 0 0.0178 0.1188 0.028500000000000001 0.0178 0 0.0050000000000000001 0.0028999999999999998 0.0043 0.30659999999999998 0.85360000000000003 0.036400000000000002 0.51919999999999999 0.00040000000000000002 0.28960000000000002 0.0109 0.1009 0.90669999999999995 0.31569999999999998 0.3392 0.17219999999999999 0 0.21310000000000001 0 0.88890000000000002 0.0011999999999999999 0.0064999999999999997 0.0025000000000000001 0.13439999999999999 0.18940000000000001 0.22950000000000001 0.54320000000000002 0.189 0 0.88239999999999996 0.45229999999999998 0.48139999999999999 0.00050000000000000001 0.0055999999999999999 0.43990000000000001 0 0.0012999999999999999 0.33679999999999999 0.012200000000000001 0.00089999999999999998 0.37840000000000001 0.0124 0 0.035499999999999997 0.45619999999999999 0.0041000000000000003 0.27039999999999997 0.034700000000000002 0.050799999999999998 0.040399999999999998 0.90039999999999998 0.33760000000000001 0.00020000000000000001 0.094299999999999995 0.36180000000000001 0.7298 0.4294 0.0064000000000000003 0.39579999999999999 0.0018 0.15210000000000001 0.0085000000000000006 0.053499999999999999 0.00040000000000000002 0.57320000000000004 0.1699 0 0.34470000000000001 0.0070000000000000001 0.0044000000000000003 0.38479999999999998 0.31409999999999999 0.00069999999999999999 0.0872 0.0121 0 0.0055999999999999999 0.0086 0.001 0.026499999999999999 0.14829999999999999 0.53549999999999998 0.026700000000000002 0.76790000000000003 0.86329999999999996 0.83340000000000003 0.2661 0 0.00020000000000000001 0.0085000000000000006 0.0080000000000000002 0.084099999999999994 0.0025999999999999999 0.0058999999999999999 0.0183 0.1628 0.00020000000000000001 0.056599999999999998 0.0126 0.0011999999999999999 0.027300000000000001 0.0038999999999999998 0.040399999999999998 0.0012999999999999999 0.67869999999999997 0.11609999999999999 0.014200000000000001 0 0.36940000000000001 0.0077999999999999996 0.47589999999999999 0.042599999999999999 0.34350000000000003 0.058200000000000002 0.0077000000000000002 0.039300000000000002 0.0080000000000000002 0.67930000000000001 0.0155 0.00080000000000000004 0.020899999999999998 0.16470000000000001


# name: eta
# type: scalar
0.010773857068940611


# name: epsilon
# type: scalar
0.001


# name: process_type
# type: scalar
0


# name: variable_eta_flag
# type: bool
1


# name: variable_eta
# type: function handle
@<anonymous>
@(x) ((x > v_eta_min_value) * (x - v_eta_decrease_amount) + (x <= v_eta_min_value) * (v_eta_min_value))
# length: 2
# name: v_eta_decrease_amount
# type: scalar
1.9999999999999999e-06


# name: v_eta_min_value
# type: scalar
0.001




# name: activationFunction
# type: function handle
@<anonymous>
@(x) (tanh (x))


# name: activationFunctionDeriv
# type: function handle
@<anonymous>
@(x) (1 - tanh (x) ^ 2)


# name: momentum
# type: scalar
0


# name: W
# type: cell
# rows: 1
# columns: 3
# name: <cell-element>
# type: matrix
# rows: 15
# columns: 3
 0.2033824446024429 0.64784603489645387 0.53043980997208473
 0.43699270967817366 1.0505863801625954 0.52242319765818279
 0.34499854675589919 -0.38876169867040589 -0.047072867476325365
 0.015450669773060992 0.18809058238714524 -0.15380584836345709
 -0.64038136323203432 -0.25908666708661998 0.57024733894514201
 0.022834202622582473 0.59519262455887789 0.32222073091282688
 -0.87086287510907323 -0.31571120225303906 0.70328292653352564
 -0.81027713492137032 -0.30583290862657647 0.71721785299953833
 0.10748166182829431 0.35535228667446084 0.042588156400367221
 -0.10247355429764696 -0.31301063127765594 -0.46659773708737345
 0.54746151222095252 -0.082717416218220596 1.0209060870526938
 1.1611608667752393 -0.46540283900809554 0.76574562134685553
 -0.12526856060336677 0.23530668127031226 -0.068477305095557328
 0.62665309938304503 -0.15944786028413976 0.74254298734225799
 0.63945344218122524 -0.83514055014449384 -0.9638100106474996



# name: <cell-element>
# type: matrix
# rows: 30
# columns: 16
 -0.37401021756581471 0.349656300623433 0.32837954379164658 -0.40672621953480176 0.079021699523031064 0.13160441120663466 0.27749657913297032 0.24195614295696516 0.45446040582113328 -0.47410447006004303 -0.35029932882091758 0.045107461056272953 0.36200722497062804 -0.15694360847115169 -0.31721508325464209 0.072472069599641725
 0.35120278645753827 0.11973594513883803 -0.040954157816402548 0.45723283397649161 0.12566422648987272 0.17689260433518936 -0.40646982143857568 0.54228780771317775 0.26083890366326634 -0.27756934199001509 -0.070423156860848907 0.5711504725383848 0.34513883340765844 0.10794398940881669 0.59873730475263753 0.70702144901382358
 -0.16110361206486512 0.46476808201779846 0.46862482876337341 -0.45582867345795886 0.13441812902107628 -0.087286687841930818 0.089325809837062398 0.34345888253449064 0.66435422957246948 0.26934365927441056 0.045290497625680159 -0.19454633606959962 -0.66957385867068109 -0.035238467269448369 -0.049822639355954323 -0.54372091705776282
 -0.22056929058332136 0.026893682257821384 -0.099048835631029467 -0.19403059619003785 0.20750261992087127 -0.26370034251769542 0.47392996964243173 -0.23572915785606066 -0.28795199811661515 -0.090319278618039178 -0.48120807777459296 0.5621053278061543 -0.16241536049539029 0.3049570875658475 -0.40957493833297415 -0.15040983272140118
 -0.30180963790151744 -0.34308513357157128 -0.21085672417470103 0.20096022915556466 -0.12256508782133888 -0.46667356053205333 -0.36547209580277229 -0.69681157636304958 -0.11402234821116011 -0.23300041580507222 0.3759852549022385 -0.10228373257903313 0.53757247185295998 -0.24511018571225696 0.45653267883456028 0.41048944707129864
 -0.42137375350759471 0.50939798821487958 0.09323290117919486 -0.34770213931895455 -0.18121778604392419 -0.51669982720526431 0.35929915582971805 0.33618268895117737 -0.30879831920967821 0.19070773802704763 0.54102383992418146 0.32409666260905995 0.42908441125138375 0.059238609816592666 0.16195689258216869 0.28379685862115689
 0.19275979662112705 -0.36981507495876603 0.21066840336969614 -0.036171390565844383 0.058193682809336872 -0.060735514366378487 0.074335613756421837 0.37405818840891031 0.54306514648731896 0.35033854712804685 -0.05270873342943104 -0.055892960708225324 0.25174343201123006 -0.12546711436953159 0.14850300915065587 0.081429381216363492
 0.18234116325466035 0.16159703585274207 -0.37844018103884475 0.10824284598342518 0.050883929013365366 0.17324904419018491 -0.058843220062309964 -0.033235313072020801 0.1359562880770219 -0.25800785692301448 -0.48675754017036538 -0.4614006033126441 -0.4028330063306455 0.3931143014411998 -0.39745242393204538 -0.051635958514143925
 -0.25286782538225 0.14767115093387445 0.0097973072802799328 0.40953124162679405 -0.049905430292674476 -0.14365705438337051 0.21101186319554205 0.29744168671279975 -0.18627559200755192 -0.27418591887809801 -0.017510372750695582 0.17844252744954406 0.54722946800212824 0.42161878977192946 0.41935942276481442 -0.47104840491545408
 -0.29410286870972069 -0.14850662822077978 0.34988086246138422 -0.3881516867284141 0.055249027537052922 0.028879198127696609 0.015273470713751529 -0.18905740160914497 0.476140072888593 0.25262159263743555 -0.056005588297827411 -0.35310664553579002 2.6626829711297205e-05 -0.33427618972942219 -0.017275798172119421 0.11661366979723523
 0.11289873943918155 0.44695604496525554 0.42922102842891063 -0.42135451212048619 0.4049657909013778 -0.19047417716553389 -0.45157300075371143 0.33745477643758237 0.45178284964517679 0.30781418622742002 0.45791159554315325 -0.38940459818868184 0.36864269804990757 0.2060344887185154 -0.43623363368422263 0.13726512033541829
 0.038464912753385365 0.39922410453640111 -0.36279621220113117 0.27052142716781957 -0.54945811085174301 0.60235096720805947 0.40848603517562765 0.43895638301069351 0.51941198965273627 0.13132508080292007 -0.40302985518986018 0.42516880335016999 -0.413711872723455 -0.35888072072465033 0.058188125184033351 -0.24124704709747521
 -0.0075584996478463545 0.47896141986383201 0.78141264391535081 0.16518384182600707 0.44261746789010759 -0.14581228409750188 0.4753794245323853 -0.58459151043663449 -0.12346613911450284 0.30570803246620165 0.34676162444832415 -0.31882954045751488 -0.093267729953415091 -0.10249437679354688 -0.18806047151086386 0.33321449525905844
 -0.02603042121341893 -0.29430395194930714 0.48727657100634103 -0.38079609006224524 0.065796489170953348 -0.30078883359370057 0.19885791076370252 -0.03253591791973303 -0.15144177249834942 0.16390750541408863 -0.22724904817054101 0.33583234134466711 -0.042519610705528926 0.47713787004369612 0.446402871718586 -0.29974975588490549
 0.14334872292489517 -0.40927016013865686 -0.32348724474512147 0.45078542806653327 0.17667254811751862 0.41233639388767795 -0.40873103689653983 -0.018004031581446367 0.53635882751954622 -0.25070528707698359 0.38848787278349728 -0.47067545876002936 -0.68048385501428033 -0.36092926144342086 -0.18958500715647453 0.1489742048910894
 0.47940892300788956 0.013144605807723657 0.35359840821010913 -0.38222323922249357 0.16744647887876643 -0.34912300792638085 0.36288555069631961 -0.067561534582386687 0.49035395475359633 0.54004283839109257 0.48584160481379768 0.29985225804455123 0.21797305315291521 0.055369075871682411 0.17800557704868117 0.30655712319624667
 -0.34863167548346741 -0.40643430264899533 0.0015139085570110521 0.45679811354664074 0.30547259691478751 -0.080262840593736895 0.068863606358102777 0.28860562231293302 0.031241237581447322 0.26127895956632174 -0.44955480335298881 -0.062598351997956769 0.35582033064858487 -0.47541971559154694 0.224794232134293 0.18088513592236263
 -0.27348227085258298 0.18398135732010698 0.44028632650502514 -0.42834701607943143 0.19050645577134634 -0.23379923687030282 -0.27033230420371357 -0.37935586548385453 -0.31145919132592531 0.24529848675027047 0.074103963315435062 -0.36024231756825881 0.49245693945137586 -0.49074922431001738 -0.32940455907619931 -0.11058645056592792
 -0.3014162131715985 -0.061335666617385549 -0.50976876982522912 0.22609088784970285 -0.19340441194033153 -0.44773515494162225 0.41087821283692172 -0.26829489990655037 0.21820571323477794 -0.48765844507539141 0.43316479730317847 0.4495563780654025 0.38818489120452593 0.13955619901581912 -0.25213123392152004 -0.4337669530039287
 -0.15299454948472291 0.38274725964426881 -0.37809302069282524 0.37452895750077375 -0.3420422508961769 0.32306192379938592 0.39851587274678008 -0.034509462307954396 0.097758711279714847 0.4726609436281653 0.32419343304287329 -0.40499372640718212 0.062493506736731839 -0.052916718763244761 -0.19323095931360015 -0.22546328326332965
 0.13799131739073309 0.23645007165203094 -0.064439819456454245 0.47911634762425609 -0.32982968952648667 -0.16596509181827052 0.46345930977011884 0.26105260990056145 -0.43983238340214886 -0.46053683154438918 -0.11384209660151313 -0.18347385310830744 0.34230519680503635 0.18703466372745614 0.17614314632355338 -0.16909090822986736
 0.28050531602720247 -0.11822254881111338 0.033558658452617011 -0.1258826141158424 -0.015811086934110485 -0.38361797093893274 0.37744788388227318 0.037894359869608749 -0.072080656307230692 0.32870660068845342 -0.029896594145689109 -0.39316245573304565 -0.17895465792652265 -0.27324608105244025 0.37255178794132315 -0.29086229437099548
 0.060702242395591355 0.24723944031424061 -0.085952228002777145 -0.10700239886543675 0.28230927249539262 -0.50161092958756237 0.15790726260842772 0.13070712630516587 0.038484751953051996 -0.43365602998855429 -0.3799490554949182 -0.37758389233919826 0.18448669318326186 0.020139609364871885 0.17747011778567534 -0.26074945306664998
 -0.31823993842073234 -0.2431527707136836 -0.28598492939247377 0.43542285740383907 -0.14449954527953951 -0.025908839684150933 -0.31219963087509267 -0.1452825477053013 0.33237824553628559 -0.37953187659232834 -0.31954440911880083 0.095149332915140092 -0.1381686150383192 -0.46279553178741495 -0.36588240743698763 -0.10280047105621856
 0.54207620821417457 -0.068230677464950595 0.26426604072908289 -0.38422044313338688 -0.39230223392893671 0.15366911500297992 0.20848277642710303 -0.48397887039831544 0.20196132489863042 -0.2493738024304489 0.021267441648639751 -0.047661925756147729 0.65237794301853125 -0.061071263152521316 0.4914880293092776 -0.16805176063760571
 0.15341243680932787 -0.073398762475278351 0.49122691078560249 0.029557490253670556 -0.26740189306274753 -0.5107450861686631 -0.15049768014139323 -0.69214601717754165 -0.53349550013889713 0.11259472037418919 0.11713291891389734 0.65696605901773153 0.20297788925729063 0.45162080897786921 0.0038629968016346823 -0.0035697550136982816
 0.38176792928891007 0.10448883748585998 0.25522395849274448 -0.2269994891795834 -0.31904313530128009 0.0046442822684529522 0.031029078935243516 0.59822452591346431 -0.23432313587288922 -0.28885001982167952 -0.41049661858396419 0.56669774116094329 0.45483203323770333 -0.42223642911328796 -0.18130431067890976 -0.30329505970896842
 -0.18752588618264032 0.15935234046382618 -0.35010473305628909 0.45939792701970222 0.1704442718363057 -0.20708531444430767 -0.10678407337518002 -0.049189935686694997 0.049554326481301744 0.1012688500309651 0.091804157179824694 0.61418464136681361 0.28664079452832131 0.33584734699961244 -0.074714225647222007 -0.44798646886741134
 0.20675172912408091 0.58359342417260462 -0.29549907550074067 0.035014134545647536 -0.045745709534413863 0.40631975264022757 0.46719593341099147 -0.38196906582796925 -0.086628630927948425 -0.097534985166651211 -0.31583497986896181 -0.3664369369075639 -0.13876720748085022 -0.018005317520502447 -0.57293001192995563 -0.29265056282951418
 0.13342377481527751 -0.059783823020740867 -0.42309783843831772 0.33077702500920325 0.37371788263460531 0.12176951358243787 -0.35578490083806202 -0.17876050030160712 0.13835617793274063 0.032702012215203073 0.40856273967327156 -0.38091235763881071 -0.26559118031469048 -0.12224361557461046 -0.10421953356183396 -0.060445562188660457



# name: <cell-element>
# type: matrix
# rows: 1
# columns: 31
 0.16755546779918423 -0.13196295323279325 0.84094012740141655 0.61885448213651506 0.27778615008910712 -0.68148525532167492 -0.24472131930607782 -0.37171124578839931 0.019205814287416523 0.18366889074517997 0.049798888036801589 0.12604437297663287 -0.530623569733644 0.92363192029525787 -0.034814158910685102 0.53676550017323732 0.34533819439190572 -0.13059855137853968 0.18230238820561742 0.15391543346523265 0.078692929012699517 0.19304587684887597 -0.12708138034765615 -0.33006684861940944 0.27542082493788839 -0.56633165195655888 -0.6228169470996523 0.56433429216154729 0.32763405733102968 -0.62853533033268738 0.27716548994792056





# name: errors
# type: matrix
# rows: 500
# columns: 1
 0.055800683274660604
 0.03607496501494066
 0.031280428744190507
 0.028827942484182731
 0.027210395607793082
 0.025978382205189245
 0.024959884371249193
 0.024076518207937912
 0.02328891977162189
 0.022575663455305581
 0.021923951159914173
 0.021456191657469852
 0.020853880813439966
 0.020297999568597156
 0.019786276837468721
 0.019314132795509028
 0.018877387188477826
 0.018472359310203454
 0.018095822487992533
 0.017744947182731903
 0.017417245434288769
 0.017229690659438048
 0.016916341918981285
 0.016621314482018239
 0.016344801922014617
 0.016085028334283998
 0.015840309056495583
 0.015609092028262087
 0.015389948651055496
 0.015181565162270471
 0.01498273644696956
 0.014910913731584388
 0.014712083720947993
 0.014519622428627707
 0.014333754333145033
 0.014153609541481444
 0.013978408079647823
 0.013807480378886367
 0.013640262526860394
 0.013476289199610261
 0.013315185011108963
 0.013281387734055851
 0.013111220408249104
 0.012942594267759379
 0.012776251113931558
 0.012612164290239342
 0.012450326426323301
 0.012290752661785443
 0.012133473976811169
 0.011978530547174734
 0.011825965472804711
 0.011808431156019844
 0.011647209066283106
 0.011487931806673677
 0.011331526201454415
 0.011178018467016909
 0.011027398769962496
 0.010879630071152092
 0.010734652661116707
 0.010592387741148811
 0.010452740514757156
 0.010457644490320496
 0.01015635065482964
 0.010023547541095815
 0.0098945573186118782
 0.009767589913778376
 0.0096424872977715573
 0.0095191205105395072
 0.0093973716770905189
 0.0092771324721379143
 0.0091583045487942643
 0.0090408004588607219
 0.0090547641023475851
 0.0087878670284631116
 0.0086730399015592773
 0.0085613270359001844
 0.0084507539106309752
 0.008341249762005648
 0.0082328024494734142
 0.0081254185558893802
 0.008019116260538816
 0.0079139228350219373
 0.0078098731417025951
 0.0078251840541055506
 0.0075859791303380057
 0.0074846280675609084
 0.0073866728852207105
 0.0072901826927464696
 0.007195132267267851
 0.0071015573129050991
 0.0070095013980068727
 0.0069190068703968615
 0.0068301124792649196
 0.006742852418641157
 0.0067628724576175867
 0.006556551260009055
 0.0064734224376527044
 0.006393894742450122
 0.0063161499523081118
 0.0062401122482828621
 0.0061657626043457696
 0.0060930871227430601
 0.0060220690952189531
 0.0059526878405497512
 0.0058849188314371893
 0.005912358760420058
 0.0057400616448872593
 0.0056760650034720578
 0.0056152140479939988
 0.0055558561292178938
 0.0054978880923665487
 0.0054412588470131211
 0.0053859262070114541
 0.0053318496908790541
 0.0052789892931558143
 0.0052273054043184223
 0.0052596075394508359
 0.0051156627047732276
 0.0050663736043663893
 0.0050196018288815947
 0.0049738659044090312
 0.004929075625347344
 0.0048851859744312894
 0.004842162293358614
 0.0047999733446585785
 0.0047585897018081365
 0.0047179833132058252
 0.0047516133254448274
 0.004629256666527649
 0.0045898798042467021
 0.0045525590752201941
 0.0045159475108838363
 0.0044799705822773598
 0.004444594004654346
 0.0044097940662931956
 0.0043755507028668999
 0.0043418455991455704
 0.0043086615627484209
 0.004341496829203084
 0.0042355645609036905
 0.0042028483979070488
 0.0041719028105629934
 0.0041414709828298422
 0.0041114851239544758
 0.0040819165611353757
 0.0040527477959931505
 0.0040239653266928108
 0.003995557469533762
 0.0039675135757070981
 0.0039985975858150922
 0.0039054625003939812
 0.0038773892725365265
 0.0038509219197240541
 0.0038248540637261814
 0.0037991193715251554
 0.0037736921085596569
 0.0037485585446747709
 0.0037237093791099908
 0.0036991372933261905
 0.0036748360188887867
 0.0037038379338795221
 0.0036209975241696135
 0.0035963459869672604
 0.0035732191676365902
 0.0035504299198969116
 0.0035279112442260984
 0.0035056391275330463
 0.0034836022235976228
 0.0034617939029386422
 0.0034402096044358322
 0.003418845795872082
 0.0034458011843042538
 0.0033715719044590119
 0.0033496573761291875
 0.0033292385022104924
 0.0033091268287955824
 0.0032892537617409769
 0.0032695960024152109
 0.0032501433371133954
 0.0032308904175172965
 0.0032118339924988204
 0.0031929718076124979
 0.0032181234197511421
 0.0031513401130980373
 0.0031317961709158753
 0.0031137435014385326
 0.0030959820974244558
 0.0030784415722768291
 0.0030610986670539407
 0.0030439434254238345
 0.003026970822578883
 0.0030101779429721263
 0.0029935628522236189
 0.0030172306496571081
 0.0029569958675244789
 0.0029396005064468897
 0.0029236977917704052
 0.0029080738786245891
 0.0028926569143555006
 0.0028774234198709896
 0.0028623632790829704
 0.0028474713190121473
 0.0028327444806530732
 0.002818180685249215
 0.0028406743671857133
 0.002786206504783814
 0.0027707772451774039
 0.002756837174353459
 0.0027431616635852541
 0.0027296779870117872
 0.0027163624694275315
 0.0027032047358656278
 0.0026901993245724834
 0.0026773428839481049
 0.002664633047950225
 0.0026862058934735869
 0.0026367725380352508
 0.0026231187034825004
 0.002610940881924173
 0.002599010026948016
 0.00258725321800869
 0.0025756467603325591
 0.0025641801033132942
 0.0025528475478170322
 0.0025416454916253779
 0.0025305713240370451
 0.0025514026754938544
 0.002506306121560498
 0.0024942164860648056
 0.0024835785631294746
 0.0024731671603976709
 0.0024629098347708793
 0.0024527831190755229
 0.0024427764645336015
 0.0024328840869622522
 0.0024231022754139298
 0.0024134283127274503
 0.0024336250529915144
 0.0023922139778091013
 0.002381463917979569
 0.0023721308067001503
 0.002363002446641665
 0.0023540074809287486
 0.0023451229250153562
 0.0023363384339634198
 0.0023276483193551216
 0.0023190489303960074
 0.002310537604858658
 0.0023301479247838956
 0.0022918374236338144
 0.0022822046475682572
 0.0022739453044704583
 0.0022658693798580229
 0.0022579071048760132
 0.0022500361887676946
 0.0022422466608474855
 0.0022345330808927343
 0.0022268919983359768
 0.0022193209364760038
 0.0022383537442246535
 0.0022026417372620769
 0.0021939222874749155
 0.0021865260021669141
 0.0021792936459126989
 0.0021721574097804601
 0.0021650958353934152
 0.0021580994346781313
 0.0021511631100211729
 0.0021442836947260274
 0.0021374589722486827
 0.0021559028174995207
 0.0021223767283259217
 0.0021143960183826944
 0.0021076832802224988
 0.0021011176167952373
 0.0020946334236628642
 0.0020882101393764948
 0.0020818388025832316
 0.0020755146932399239
 0.0020692349557677268
 0.0020629976542033165
 0.002080835296203047
 0.002049168486831841
 0.0020417857263263332
 0.0020356123223811101
 0.0020295719766964524
 0.0020236014269489075
 0.0020176810156280036
 0.0020118023035352183
 0.0020059609391575696
 0.0020001543646406511
 0.0019943809070549871
 0.0020115983951547491
 0.0019815393576824714
 0.0019746464283097258
 0.0019689020234468706
 0.0019632792924691648
 0.0019577173720166864
 0.0019521974795868014
 0.0019467116651292297
 0.0019412559119994226
 0.0019358279248601834
 0.0019304262567296005
 0.0019470172749802854
 0.0019183755209098829
 0.0019118924811960584
 0.0019064959202170005
 0.0019012118688029923
 0.0018959818622484984
 0.0018907879464239994
 0.0018856226156788436
 0.0018804821455567068
 0.0018753644609670514
 0.0018702682982962495
 0.0018862352423182948
 0.0018588670678320086
 0.0018527363397983405
 0.0018476297107317193
 0.0018426281814723038
 0.0018376756465190442
 0.001832754927896092
 0.0018278589185259726
 0.0018229841441290483
 0.0018181287094424889
 0.0018132914944184045
 0.0018286446813685444
 0.0018024406750535374
 0.0017966213105504703
 0.0017917641289949156
 0.0017870059619703236
 0.0017822929973213086
 0.0017776087820948324
 0.0017729465663063096
 0.0017683030892038896
 0.0017636766009237676
 0.0017590660916408994
 0.0017738221281060108
 0.0017486971531439264
 0.0017431599044695522
 0.0017385241116430398
 0.0017339822163061646
 0.0017294826162649751
 0.0017250095365362113
 0.0017205565490562001
 0.0017161205767826418
 0.0017116999879340489
 0.0017072938568722612
 0.0017214737992641027
 0.0016973594607311794
 0.00169208289981361
 0.0016876489010385
 0.0016833043760737367
 0.0016789998381635852
 0.0016747201482253762
 0.0016704591713284462
 0.0016662139909105283
 0.0016619830726294126
 0.0016577655557213379
 0.0016713932039899655
 0.0016482324604249468
 0.0016432001186779972
 0.0016389538292086547
 0.0016347930819839449
 0.0016306704048214926
 0.00162657125735029
 0.0016224897746019971
 0.0016184231828861814
 0.001614370030260126
 0.0016103295071064382
 0.0016234299843239167
 0.0016011734529033758
 0.0015963718319468682
 0.0015923025826309284
 0.0015883152951003355
 0.0015843644082578325
 0.0015804359476234147
 0.0015765242996058932
 0.0015726268202426676
 0.0015687421293463159
 0.0015648694590671035
 0.001577468120423948
 0.0015560716417445267
 0.00155148891064651
 0.0015475880347264783
 0.0015437657964528164
 0.0015399784426013512
 0.001536212535503742
 0.0015324626979252116
 0.0015287264058539295
 0.0015250023434897695
 0.0015212897785943653
 0.0015334114350355412
 0.0015128345314586959
 0.0015084597343551465
 0.0015047196656091711
 0.0015010551056292864
 0.0014974240083476191
 0.0014938134469539837
 0.0014902182682152239
 0.001486636060719648
 0.0014830655680151228
 0.0014795060895949903
 0.001491174503056325
 0.0014713794438227438
 0.0014672020670863646
 0.0014636158041037499
 0.0014601020786604508
 0.0014566204552532104
 0.0014531584945481841
 0.0014497112568836897
 0.0014462764377650187
 0.0014428528366202474
 0.0014394397823198457
 0.001450677378712959
 0.0014316286380840889
 0.0014276384160443693
 0.0014241992359173823
 0.0014208297576201641
 0.0014174910648695564
 0.0014141711845223723
 0.0014108653813998929
 0.0014075714533258422
 0.0014042882531357622
 0.0014010151376781786
 0.0014118428831740159
 0.001393506838946356
 0.0013896937059902916
 0.0013863950380072591
 0.0013831633590762897
 0.0013799611867329389
 0.001376776994442121
 0.0013736062433233249
 0.0013704468295789405
 0.0013672976575569941
 0.0013641581112300923
 0.0013745955026699993
 0.0013569402708423267
 0.0013532943932774977
 0.0013501297872982323
 0.0013470295733304363
 0.0013439576236213616
 0.0013409028400511085
 0.0013378608724436514
 0.0013348297118051871
 0.0013318083123941918
 0.0013287960847195952
 0.0013388612132522325
 0.0013218565514891308
 0.0013183683939045779
 0.0013153315382063223
 0.0013123565886644644
 0.0013094086995090242
 0.0013064771839902988
 0.001303557873423453
 0.0013006488502195395
 0.0012977491170575626
 0.0012948581104848757
 0.0013045677667408667
 0.001288185006149847
 0.0012848454038769887
 0.001281930163165985
 0.0012790744503582388
 0.0012762446352005202
 0.001273430426235741
 0.0012706278293054998
 0.0012678350148920682
 0.0012650510326131989
 0.0012622753445454648
 0.001271645142426805
 0.0012558571257584757
 0.0012526573475597259
 0.0012498578037214807
 0.0012471155136079988
 0.0012443980020237994
 0.0012416953575630737
 0.0012390037538030363
 0.0012363214459732972
 0.0012336475291057393
 0.0012309814902360984
 0.0012400259939035299
 0.0012248070103210329
 0.0012217388041011357
 0.0012190492905773767
 0.0012164148567974009
 0.0012138041278216152
 0.001211207557797155
 0.0012086214813847155
 0.0012060442352273405
 0.001203474958186681
 0.0012009131616098909
 0.0012096460061719531
 0.0011949717198719179
 0.0011920273397196214
 0.0011894424658052884
 0.0011869105935249479
 0.0011844013986424373
 0.0011819056870369716
 0.0011794199479289687
 0.0011769425960328308
 0.0011744728123987854


# name: epochs
# type: scalar
500


# name: varialble_eta_delta
# type: scalar
0.10000000000000001


# name: variable_eta_delta
# type: scalar
0.10000000000000001


# name: etas
# type: matrix
# rows: 40
# columns: 1
 0.015944049000000005
 0.015784608510000006
 0.01562676242490001
 0.015470494800651012
 0.015315789852644505
 0.01516263195411806
 0.01501100563457688
 0.014860895578231113
 0.014712286622448802
 0.014565163756224317
 0.014419512118662074
 0.014275316997475453
 0.014132563827500701
 0.013991238189225695
 0.013851325807333439
 0.013712812549260107
 0.013575684423767508
 0.013439927579529835
 0.013305528303734536
 0.013172473020697193
 0.013040748290490222
 0.012910340807585321
 0.01278123739950947
 0.012653425025514376
 0.012526890775259234
 0.012401621867506643
 0.012277605648831577
 0.012154829592343264
 0.012033281296419833
 0.011912948483455636
 0.011793818998621081
 0.01167588080863487
 0.011559122000548523
 0.011443530780543039
 0.01132909547273761
 0.011215804518010236
 0.011103646472830134
 0.010992610008101835
 0.010882683908020817
 0.010773857068940611




