# Created by Octave 5.1.0, Mon May 13 01:35:56 2019 -03 <segundofarina@MacBook-Pro-de-Segundo.local>
# name: P
# type: global scalar struct
# ndims: 2
 1 1
# length: 15
# name: hiddenLayers
# type: matrix
# rows: 1
# columns: 2
 15 30


# name: inputs
# type: matrix
# rows: 2
# columns: 441
 0.94810000000000005 -1.8859999999999999 -2.7637999999999998 2.1128 1.3606 -1.1384000000000001 0.94810000000000005 2.2370000000000001 0.29330000000000001 -2.4849999999999999 0.29330000000000001 0.29330000000000001 2.8666 0.62690000000000001 -1.3664000000000001 2.6259000000000001 0 -2.7637999999999998 0 1.9628000000000001 0.94810000000000005 0 -2.4849999999999999 -1.8859999999999999 -0.59230000000000005 -0.59230000000000005 1.3606 0 0.62690000000000001 2.8666 -1.8859999999999999 -2.7637999999999998 2.1128 -1.1384000000000001 -2.7637999999999998 1.9628000000000001 2.6259000000000001 -1.8973 -0.59230000000000005 0.94810000000000005 -0.59230000000000005 -2.4849999999999999 1.9628000000000001 -0.27010000000000001 -2.4849999999999999 -0.94120000000000004 0.94810000000000005 1.9628000000000001 -2.9369000000000001 -2.9369000000000001 -2.7637999999999998 2.2370000000000001 1.1377999999999999 2.1128 2.2370000000000001 -1.8973 -1.3664000000000001 -1.3664000000000001 -0.27010000000000001 1.3606 0 2.6259000000000001 1.3606 2.6259000000000001 -1.3664000000000001 2.2370000000000001 2.6259000000000001 -1.8973 -0.59230000000000005 -2.4849999999999999 -2.9369000000000001 0.29330000000000001 0.29330000000000001 0 -2.7637999999999998 -2.9369000000000001 -1.8859999999999999 1.3606 2.2370000000000001 -0.94120000000000004 2.2370000000000001 2.8666 -0.59230000000000005 2.6259000000000001 0.94810000000000005 2.6259000000000001 1.3606 1.1377999999999999 1.9628000000000001 2.1128 0.62690000000000001 -1.3664000000000001 2.8666 2.6259000000000001 0.62690000000000001 -1.1384000000000001 -2.9369000000000001 0.62690000000000001 -2.4849999999999999 -0.94120000000000004 -2.9369000000000001 2.8666 -1.1384000000000001 0.62690000000000001 2.2370000000000001 -1.8859999999999999 2.1128 2.6259000000000001 0.62690000000000001 1.9628000000000001 0.29330000000000001 -1.3664000000000001 0.29330000000000001 -2.4849999999999999 -1.3664000000000001 -0.27010000000000001 1.9628000000000001 -2.7637999999999998 -1.8859999999999999 -1.8973 1.1377999999999999 0.62690000000000001 -0.94120000000000004 2.2370000000000001 2.2370000000000001 -0.27010000000000001 0.62690000000000001 2.1128 2.1128 -2.4849999999999999 -1.1384000000000001 0 -1.8973 -1.8859999999999999 -1.8973 0.62690000000000001 1.9628000000000001 -1.8973 0.29330000000000001 -1.8973 0.94810000000000005 0 2.2370000000000001 0.62690000000000001 -1.8973 -1.8859999999999999 2.8666 -1.8973 0.29330000000000001 -1.8973 1.9628000000000001 2.2370000000000001 0.94810000000000005 -0.27010000000000001 1.1377999999999999 -1.8859999999999999 0.29330000000000001 1.1377999999999999 0.29330000000000001 1.1377999999999999 -1.1384000000000001 0.94810000000000005 -1.3664000000000001 0.29330000000000001 2.8666 -1.8859999999999999 0.94810000000000005 -2.7637999999999998 1.1377999999999999 2.2370000000000001 -1.3664000000000001 -2.7637999999999998 -1.3664000000000001 -1.8859999999999999 -0.59230000000000005 -0.59230000000000005 -0.59230000000000005 0 0.29330000000000001 -0.27010000000000001 -1.3664000000000001 2.6259000000000001 1.3606 2.2370000000000001 -0.27010000000000001 -2.4849999999999999 2.1128 -2.4849999999999999 0.94810000000000005 2.1128 -1.1384000000000001 -0.94120000000000004 2.2370000000000001 -1.1384000000000001 -1.1384000000000001 0 1.3606 -0.59230000000000005 0 1.1377999999999999 2.8666 -1.1384000000000001 -0.27010000000000001 -0.27010000000000001 2.1128 -2.7637999999999998 -2.4849999999999999 -0.27010000000000001 2.1128 0.62690000000000001 -0.94120000000000004 1.9628000000000001 -0.94120000000000004 -1.8973 -1.8973 2.2370000000000001 -0.27010000000000001 2.8666 -1.8973 2.1128 -2.7637999999999998 1.9628000000000001 -0.94120000000000004 1.3606 1.9628000000000001 1.9628000000000001 1.1377999999999999 -2.9369000000000001 -1.8859999999999999 2.6259000000000001 1.3606 -1.8973 -2.7637999999999998 0 -0.94120000000000004 -0.59230000000000005 2.1128 2.2370000000000001 -0.59230000000000005 -0.94120000000000004 2.2370000000000001 1.1377999999999999 2.1128 -0.27010000000000001 -1.8859999999999999 0 0.62690000000000001 2.8666 1.3606 0.29330000000000001 -1.1384000000000001 0.62690000000000001 2.1128 2.1128 1.3606 -1.8973 -2.4849999999999999 0.29330000000000001 0.62690000000000001 -2.4849999999999999 -0.94120000000000004 1.3606 -2.7637999999999998 -2.7637999999999998 2.8666 -0.59230000000000005 -2.7637999999999998 -1.8859999999999999 -0.27010000000000001 1.3606 -2.9369000000000001 1.1377999999999999 1.1377999999999999 1.9628000000000001 0.94810000000000005 2.6259000000000001 -0.27010000000000001 -2.9369000000000001 -1.3664000000000001 2.6259000000000001 1.3606 -2.9369000000000001 2.8666 1.9628000000000001 -0.94120000000000004 -2.9369000000000001 0.94810000000000005 -0.59230000000000005 1.3606 -1.8973 -2.4849999999999999 -1.8973 0.94810000000000005 0.62690000000000001 -1.3664000000000001 1.3606 -1.8859999999999999 -0.94120000000000004 -1.8859999999999999 -0.59230000000000005 0.94810000000000005 -2.4849999999999999 -2.7637999999999998 0.29330000000000001 2.8666 -1.8973 1.1377999999999999 -0.94120000000000004 0.29330000000000001 -2.9369000000000001 -0.94120000000000004 -2.9369000000000001 2.6259000000000001 -0.59230000000000005 2.1128 -2.9369000000000001 0.94810000000000005 2.8666 -2.4849999999999999 2.6259000000000001 -1.1384000000000001 2.8666 -2.9369000000000001 0 -0.94120000000000004 -1.1384000000000001 -0.59230000000000005 -2.4849999999999999 0.29330000000000001 -0.94120000000000004 2.1128 -1.1384000000000001 -1.3664000000000001 0 0.29330000000000001 2.6259000000000001 -0.27010000000000001 -2.7637999999999998 -1.1384000000000001 2.6259000000000001 2.8666 -1.1384000000000001 0.62690000000000001 -0.27010000000000001 -0.59230000000000005 -0.27010000000000001 -1.1384000000000001 2.8666 -0.94120000000000004 -0.27010000000000001 -1.8973 2.6259000000000001 -0.94120000000000004 0.62690000000000001 1.9628000000000001 1.9628000000000001 -1.1384000000000001 1.9628000000000001 -2.9369000000000001 0.62690000000000001 2.8666 -2.4849999999999999 -2.7637999999999998 -0.27010000000000001 0.94810000000000005 0 -2.4849999999999999 -0.94120000000000004 -1.1384000000000001 -0.59230000000000005 1.3606 1.3606 1.1377999999999999 0 1.3606 1.1377999999999999 1.1377999999999999 0 -1.3664000000000001 -1.8859999999999999 -0.27010000000000001 2.1128 -1.1384000000000001 1.1377999999999999 1.1377999999999999 2.2370000000000001 1.9628000000000001 -1.3664000000000001 0.29330000000000001 -1.8973 1.9628000000000001 -2.9369000000000001 -1.1384000000000001 2.1128 -2.7637999999999998 0 2.1128 -0.94120000000000004 2.8666 -1.8859999999999999 0.94810000000000005 -2.7637999999999998 -1.3664000000000001 -1.3664000000000001 0.94810000000000005 -1.8859999999999999 2.8666 2.6259000000000001 2.2370000000000001 -2.4849999999999999 -2.4849999999999999 0.62690000000000001 -1.3664000000000001 -1.8859999999999999 1.3606 -1.3664000000000001 2.6259000000000001 -2.9369000000000001 2.8666 0.94810000000000005 1.1377999999999999 0.62690000000000001 2.2370000000000001 -0.59230000000000005 0.29330000000000001 -2.9369000000000001 -2.7637999999999998 -1.8859999999999999 -2.9369000000000001 -1.3664000000000001 1.1377999999999999 1.1377999999999999 0 0.94810000000000005 2.6259000000000001 -2.9369000000000001 -0.59230000000000005 0 2.2370000000000001 -0.27010000000000001 1.9628000000000001
 -2.7761 -1.3962000000000001 0 -1.9031 1.7444999999999999 0.3226 2.8027000000000002 -0.88419999999999999 0.55110000000000003 -2.2170999999999998 -3.0484 -1.9031 2.0432999999999999 -3.0484 -0.2792 1.7444999999999999 -1.3024 -0.2792 -2.2170999999999998 2.0432999999999999 -0.2792 -1.9031 2.8027000000000002 -3.0484 0 -3.0484 -3.0484 -1.3962000000000001 -0.2792 1.7444999999999999 0.55110000000000003 -0.88419999999999999 -0.2792 1.7444999999999999 -2.7761 -2.2170999999999998 0.55110000000000003 2.8027000000000002 -0.88419999999999999 0.3226 1.2464 -1.7930999999999999 -1.3962000000000001 -2.2170999999999998 -0.2792 0.3226 1.4013 -0.2792 1.2464 2.9243000000000001 2.0432999999999999 -1.9031 -2.2170999999999998 -1.3024 -0.2792 0 -0.88419999999999999 2.8027000000000002 -1.3024 2.3239999999999998 1.2464 -2.2170999999999998 0.55110000000000003 2.9243000000000001 -1.7930999999999999 -3.0484 0.3226 -2.7761 1.7444999999999999 1.7444999999999999 -0.58850000000000002 -1.7930999999999999 -1.3024 0.86990000000000001 2.9243000000000001 -3.0484 -2.7761 -2.7761 0.55110000000000003 1.7444999999999999 -2.2170999999999998 -1.9031 2.0432999999999999 -1.7930999999999999 -1.3024 0.86990000000000001 2.0432999999999999 2.3239999999999998 2.3239999999999998 -1.7930999999999999 0.86990000000000001 2.0432999999999999 -1.3962000000000001 -1.3024 -2.2170999999999998 2.9243000000000001 -2.7761 0 -2.7761 -1.3962000000000001 -1.9031 1.4013 -3.0484 2.0432999999999999 1.7444999999999999 -1.7930999999999999 -1.3962000000000001 -1.3962000000000001 2.9243000000000001 0.3226 -2.2170999999999998 -0.58850000000000002 2.3239999999999998 0.3226 0.86990000000000001 -3.0484 -3.0484 -1.7930999999999999 -1.9031 2.9243000000000001 2.9243000000000001 2.3239999999999998 -0.2792 2.0432999999999999 -0.58850000000000002 0 1.4013 0.55110000000000003 1.4013 -1.3024 0.86990000000000001 2.8027000000000002 -1.3962000000000001 -0.2792 -0.88419999999999999 -0.88419999999999999 -2.7761 1.4013 1.2464 -1.3024 0.86990000000000001 -1.7930999999999999 0.86990000000000001 0.3226 -1.7930999999999999 2.9243000000000001 -3.0484 -1.9031 -0.58850000000000002 1.7444999999999999 -0.88419999999999999 -1.3962000000000001 1.7444999999999999 1.2464 -3.0484 0.3226 0.86990000000000001 1.4013 -0.88419999999999999 2.8027000000000002 0 -2.2170999999999998 2.9243000000000001 -0.2792 2.8027000000000002 -0.88419999999999999 -1.3962000000000001 1.7444999999999999 -0.58850000000000002 0.3226 -2.2170999999999998 2.3239999999999998 -3.0484 1.2464 2.8027000000000002 -1.3024 -1.7930999999999999 1.7444999999999999 2.0432999999999999 0.3226 0.3226 2.8027000000000002 -0.2792 -1.7930999999999999 -1.9031 0.86990000000000001 -0.58850000000000002 -3.0484 -3.0484 2.9243000000000001 0.55110000000000003 2.0432999999999999 2.9243000000000001 -1.3962000000000001 -1.3024 -0.2792 -1.7930999999999999 2.9243000000000001 2.9243000000000001 -0.88419999999999999 0.86990000000000001 2.3239999999999998 -0.58850000000000002 -0.2792 1.2464 2.8027000000000002 -0.88419999999999999 -1.7930999999999999 -2.2170999999999998 -1.3024 0.86990000000000001 0.55110000000000003 0.55110000000000003 -2.2170999999999998 0.3226 2.3239999999999998 -0.88419999999999999 -1.7930999999999999 -0.2792 2.8027000000000002 -0.58850000000000002 0 0 2.9243000000000001 1.2464 1.7444999999999999 -1.3962000000000001 1.4013 2.3239999999999998 0 -0.88419999999999999 -3.0484 -1.3024 0 -1.3024 -0.58850000000000002 2.0432999999999999 -1.3024 -2.7761 -1.7930999999999999 0 0.86990000000000001 1.7444999999999999 2.9243000000000001 -0.58850000000000002 2.0432999999999999 1.2464 1.2464 -1.9031 2.8027000000000002 -1.7930999999999999 1.7444999999999999 -0.88419999999999999 -3.0484 -0.58850000000000002 1.2464 2.9243000000000001 0.3226 -1.3962000000000001 0 -0.58850000000000002 -1.3024 -1.3962000000000001 1.4013 0.3226 -1.9031 1.2464 0.86990000000000001 2.3239999999999998 1.2464 -2.2170999999999998 -1.3024 1.2464 -1.7930999999999999 2.9243000000000001 -2.7761 1.7444999999999999 -1.3024 1.4013 -1.9031 -2.2170999999999998 -0.2792 -0.2792 2.8027000000000002 2.9243000000000001 -1.3962000000000001 -1.9031 -2.2170999999999998 0.86990000000000001 -0.58850000000000002 1.2464 2.3239999999999998 0 -0.58850000000000002 2.3239999999999998 1.4013 -1.3024 2.3239999999999998 -2.2170999999999998 -1.3962000000000001 -0.88419999999999999 1.4013 0.86990000000000001 -2.7761 -1.3024 2.0432999999999999 -0.2792 2.8027000000000002 -1.3962000000000001 -1.7930999999999999 -3.0484 0.86990000000000001 -0.88419999999999999 2.3239999999999998 2.3239999999999998 0.55110000000000003 0.55110000000000003 -0.88419999999999999 2.3239999999999998 2.0432999999999999 -1.9031 0.55110000000000003 2.3239999999999998 0.55110000000000003 1.4013 -0.88419999999999999 0.3226 -1.3962000000000001 0 -1.9031 0 1.4013 0 1.4013 1.4013 2.3239999999999998 2.0432999999999999 -1.9031 1.2464 -3.0484 -2.2170999999999998 -2.2170999999999998 0.55110000000000003 -1.3962000000000001 -0.2792 0.86990000000000001 -0.2792 2.9243000000000001 1.2464 0.55110000000000003 0.86990000000000001 1.2464 -2.2170999999999998 -1.7930999999999999 2.9243000000000001 1.4013 2.0432999999999999 0.86990000000000001 2.8027000000000002 -1.9031 0 -1.9031 0.55110000000000003 1.4013 2.3239999999999998 0.3226 2.0432999999999999 -0.88419999999999999 2.8027000000000002 0.86990000000000001 0 2.8027000000000002 0.55110000000000003 -0.58850000000000002 -1.3962000000000001 -1.9031 1.7444999999999999 -0.88419999999999999 -1.9031 0 -2.7761 0.3226 -2.7761 -1.7930999999999999 0.3226 2.8027000000000002 -1.3024 -1.3024 2.9243000000000001 0.55110000000000003 -0.58850000000000002 -0.88419999999999999 -0.58850000000000002 -2.7761 -2.2170999999999998 -3.0484 0.86990000000000001 -2.7761 -0.58850000000000002 2.0432999999999999 -1.7930999999999999 0.3226 0.55110000000000003 1.2464 -0.58850000000000002 1.7444999999999999 2.3239999999999998 1.4013 -2.7761 -0.58850000000000002 0.55110000000000003 2.8027000000000002 -1.3962000000000001 2.8027000000000002 0.3226 -2.7761 -0.58850000000000002 1.7444999999999999 -2.7761 1.2464 2.0432999999999999 -2.7761 1.2464 0.55110000000000003 1.7444999999999999 0.3226 -3.0484 1.4013 2.0432999999999999 1.7444999999999999 -2.7761 0 2.3239999999999998 2.0432999999999999 -0.2792 0 1.4013 -2.7761 1.4013 2.8027000000000002 -1.9031


# name: outputs
# type: matrix
# rows: 1
# columns: 441
 0.0453 0.0016000000000000001 0.016400000000000001 0.1246 0.0023999999999999998 0.63109999999999999 0.00080000000000000004 0.19239999999999999 0.2036 0 0.0086 0.27379999999999999 0 0.0135 0.15740000000000001 0 0.34539999999999998 0.0080000000000000002 0.076799999999999993 0.0001 0.60940000000000005 0.17180000000000001 0.0045999999999999999 0 0.30940000000000001 0.0011999999999999999 0.012500000000000001 0.29320000000000002 0.51319999999999999 0 0.36430000000000001 0.0012999999999999999 0.17929999999999999 0.6079 0 0.083000000000000004 0.0061000000000000004 0.0161 0.099699999999999997 0.17319999999999999 0.79490000000000005 0 0.30509999999999998 0.043499999999999997 0.022499999999999999 0.66290000000000004 0.023699999999999999 0.24410000000000001 0.023199999999999998 0.00050000000000000001 0.0144 0.1041 0.2205 0.24229999999999999 0.12740000000000001 0.17560000000000001 0.029000000000000001 0.031199999999999999 0.18010000000000001 0.00059999999999999995 0.3518 0.016500000000000001 0.074700000000000003 0 0.0022000000000000001 0.0033999999999999998 0.0117 0 0.46889999999999998 0.059200000000000003 0.0020999999999999999 0.3362 0.57199999999999995 0.39560000000000001 0.0011000000000000001 0 0 0.038800000000000001 0.0178 0.62139999999999995 0.046300000000000001 0.0135 0.30790000000000001 0.040500000000000001 0.93130000000000002 0.002 0.0012999999999999999 0.0016999999999999999 0 0.14080000000000001 0.091399999999999995 0.2848 0.027099999999999999 0.070400000000000004 0.20399999999999999 0.0258 0 0.318 0 0.021499999999999998 0 0.0001 0.00020000000000000001 0.021899999999999999 0.0001 0.00029999999999999997 0.2601 0.060100000000000001 0.0019 0.068199999999999997 0.1313 0.074200000000000002 0.029700000000000001 0.073899999999999993 0.90249999999999997 0.0028 0.0063 0 0.00020000000000000001 0.0118 0.00020000000000000001 0.012800000000000001 0.22559999999999999 0 0.1855 0.31419999999999998 0.064000000000000001 0.0276 0.001 0.00059999999999999995 0.88780000000000003 0.012999999999999999 0.0018 0.085300000000000001 0.0121 0.85860000000000003 0.017999999999999999 0.39129999999999998 0.1918 0.0023999999999999998 0.056099999999999997 0.20549999999999999 0.0067999999999999996 0.20910000000000001 0.00029999999999999997 0.0118 0.00050000000000000001 0.00020000000000000001 0.51700000000000002 0.27760000000000001 0.40300000000000002 0.16800000000000001 0.0129 0.5383 0.0141 0.28089999999999998 0.21879999999999999 0.0109 0.62029999999999996 0.00040000000000000002 0.3805 0.23430000000000001 0.02 0.38619999999999999 0 0.012500000000000001 0.79249999999999998 0.024400000000000002 0.75600000000000001 0.038399999999999997 0.00089999999999999998 0.0073000000000000001 0.0001 0.46550000000000002 0.034599999999999999 0.070000000000000007 0.0402 0.1983 0.061199999999999997 0.39979999999999999 0.55379999999999996 0 0.51380000000000003 0.1086 0.094899999999999998 0.1113 0.24060000000000001 0 0.016199999999999999 0 0.83679999999999999 0.31609999999999999 0 0.013100000000000001 0.0135 0.2828 0.45729999999999998 0.0195 0.0091999999999999998 1.0552999999999999 0.001 0.1699 0.22600000000000001 0.2281 0.0018 0.0018 0.0033 0.1134 0.063600000000000004 0.82609999999999995 0.95340000000000003 0.033099999999999997 0.88119999999999998 0.0001 0.29670000000000002 0 0.21379999999999999 0.015699999999999999 0.095799999999999996 0 0.0037000000000000002 0.13420000000000001 0.38279999999999997 0.0001 0.0025999999999999999 0.00029999999999999997 0.88749999999999996 0.021399999999999999 0.078600000000000003 0.0241 0.79500000000000004 0 0.00020000000000000001 0.28739999999999999 0.025399999999999999 0.12429999999999999 0.0001 0.1993 0.0033999999999999998 0.0115 0.085199999999999998 0.042700000000000002 0.00020000000000000001 0.013599999999999999 0.039399999999999998 0.1321 0.073800000000000004 0.00020000000000000001 0.40429999999999999 0.0067000000000000002 0.0054999999999999997 0.044999999999999998 0.27410000000000001 0.0040000000000000001 0.70530000000000004 0.45300000000000001 0.0027000000000000001 0.2394 0.72170000000000001 0.039199999999999999 0.1072 0.87549999999999994 0.0001 0.0344 0.0058999999999999999 0.0344 0.046100000000000002 0.48039999999999999 0.092700000000000005 0.0088999999999999999 0 0.84379999999999999 0.017500000000000002 0.21490000000000001 0.00050000000000000001 0.0030000000000000001 0.36049999999999999 0.0001 0.79610000000000003 0.029100000000000001 0.18490000000000001 0.0047000000000000002 0.018700000000000001 0 0.024199999999999999 0.0001 0.45500000000000002 0.017600000000000001 0.032099999999999997 0.034299999999999997 0.096299999999999997 0.079100000000000004 0.40350000000000003 0.78759999999999997 0.1656 0.0058999999999999999 0.0027000000000000001 0.1893 0.0001 0.075300000000000006 0.95979999999999999 0.0998 0.044600000000000001 0.024400000000000002 0.026499999999999999 0.15989999999999999 0.52990000000000004 0.036900000000000002 0.56310000000000004 0 0.00029999999999999997 0.0241 0.073999999999999996 0.1323 0 0.0178 0.1188 0.028500000000000001 0.0178 0 0.0050000000000000001 0.0028999999999999998 0.0043 0.30659999999999998 0.85360000000000003 0.036400000000000002 0.51919999999999999 0.00040000000000000002 0.28960000000000002 0.0109 0.1009 0.90669999999999995 0.31569999999999998 0.3392 0.17219999999999999 0 0.21310000000000001 0 0.88890000000000002 0.0011999999999999999 0.0064999999999999997 0.0025000000000000001 0.13439999999999999 0.18940000000000001 0.22950000000000001 0.54320000000000002 0.189 0 0.88239999999999996 0.45229999999999998 0.48139999999999999 0.00050000000000000001 0.0055999999999999999 0.43990000000000001 0 0.0012999999999999999 0.33679999999999999 0.012200000000000001 0.00089999999999999998 0.37840000000000001 0.0124 0 0.035499999999999997 0.45619999999999999 0.0041000000000000003 0.27039999999999997 0.034700000000000002 0.050799999999999998 0.040399999999999998 0.90039999999999998 0.33760000000000001 0.00020000000000000001 0.094299999999999995 0.36180000000000001 0.7298 0.4294 0.0064000000000000003 0.39579999999999999 0.0018 0.15210000000000001 0.0085000000000000006 0.053499999999999999 0.00040000000000000002 0.57320000000000004 0.1699 0 0.34470000000000001 0.0070000000000000001 0.0044000000000000003 0.38479999999999998 0.31409999999999999 0.00069999999999999999 0.0872 0.0121 0 0.0055999999999999999 0.0086 0.001 0.026499999999999999 0.14829999999999999 0.53549999999999998 0.026700000000000002 0.76790000000000003 0.86329999999999996 0.83340000000000003 0.2661 0 0.00020000000000000001 0.0085000000000000006 0.0080000000000000002 0.084099999999999994 0.0025999999999999999 0.0058999999999999999 0.0183 0.1628 0.00020000000000000001 0.056599999999999998 0.0126 0.0011999999999999999 0.027300000000000001 0.0038999999999999998 0.040399999999999998 0.0012999999999999999 0.67869999999999997 0.11609999999999999 0.014200000000000001 0 0.36940000000000001 0.0077999999999999996 0.47589999999999999 0.042599999999999999 0.34350000000000003 0.058200000000000002 0.0077000000000000002 0.039300000000000002 0.0080000000000000002 0.67930000000000001 0.0155 0.00080000000000000004 0.020899999999999998 0.16470000000000001


# name: eta
# type: scalar
0.029999999999999999


# name: epsilon
# type: scalar
0.001


# name: process_type
# type: scalar
0


# name: variable_eta_flag
# type: bool
0


# name: variable_eta
# type: function handle
@<anonymous>
@(x) ((x > v_eta_min_value) * (x - v_eta_decrease_amount) + (x <= v_eta_min_value) * (v_eta_min_value))
# length: 2
# name: v_eta_decrease_amount
# type: scalar
1.9999999999999999e-06


# name: v_eta_min_value
# type: scalar
0.001




# name: activationFunction
# type: function handle
@<anonymous>
@(x) (tanh (x))


# name: activationFunctionDeriv
# type: function handle
@<anonymous>
@(x) (1 - tanh (x) ^ 2)


# name: momentum
# type: scalar
0


# name: W
# type: cell
# rows: 1
# columns: 3
# name: <cell-element>
# type: matrix
# rows: 15
# columns: 3
 -0.10819454143485223 -0.84093416176368707 -0.010274412043712726
 0.36558240388176111 -0.87655837195847996 -0.10920381391669859
 0.67014154488975208 -0.28658383251243458 -0.87789486650385828
 0.12399255108088793 0.2961132899042444 0.88480980563288258
 -1.0487066780809691 -0.92460621526933584 0.30072462349308265
 -0.10656771811423016 -0.33278647424345081 0.11280903965993645
 0.6150739187621892 -0.69211367299955395 0.046311694594101054
 -0.34383721107187482 0.51204498406980792 -0.61593275924924185
 -1.2956334123367041 0.3498077140664721 -0.99911750865140569
 -0.43024723962296013 -0.59562188644833236 0.14948733680837817
 0.64906873501861673 0.29470837931678917 -0.62391532932167437
 -0.4549485930959935 0.95324512911515658 1.0106945984123623
 0.76429533438876873 -0.54974060452532314 0.49725631412112864
 0.31688838737754688 0.8859704403598353 0.45672744180504027
 0.29308032754478819 0.15490220399486743 -0.2713858526134541



# name: <cell-element>
# type: matrix
# rows: 30
# columns: 16
 0.38818509428000558 -0.19971837379332461 0.3203737539702754 0.52133830739815235 -0.10476539269249416 -0.55050089214116549 0.22215893669585363 -0.20524798068429745 -0.13296418410996147 -0.075141505482302653 -0.068516555323465705 0.35290564697564025 -0.73029669063535529 0.025364604946889094 -0.29267508372587836 0.25539992264375372
 0.36739591042694197 0.42867093885188051 0.29456559637960367 0.74847256038616761 0.13414953652618661 -0.40185781038166934 -0.59817263433848955 -0.19655939019156102 -0.24510697852258564 0.091590822215823472 -0.56986274117026925 0.65281820261984624 -0.16549186685052006 0.14022187047932 0.33713850527565675 0.42479384446647755
 0.13810371729865412 0.16616960809807133 0.047567066512215296 -0.25410503366342807 -0.30972239529506784 0.39481673657988742 -0.49289064499357316 -0.20646688054879514 0.4187303109959073 -0.24071800012529776 -0.25215255243988061 -0.29343870411190137 0.1303333709696757 0.0028933052786957849 0.27889493407408389 -0.16918852894796124
 0.24760558909467231 0.25397549836824412 -0.2726836838829132 -0.01206164613192282 -0.47408036190039526 -0.38216898052883197 0.099924966002105403 0.3638533038831871 0.21142100871652866 -0.3982612178690868 -0.13396583065197326 -0.19520069072728394 -0.55455859637759408 0.56157557087907928 -0.35483812079123378 -0.28651442984725994
 -0.43427862239393844 0.30438816367913812 0.50941379862297176 -0.19605017177542577 0.34645601778866375 -0.25796534822537648 -0.20470550055635367 -0.022968457477813321 -0.38267385149149263 0.29431613248279659 -0.14088886765964673 0.214951562836979 0.30649393662936586 -0.21213560157675693 0.1235169427267568 -0.5340156346967766
 -0.0071874191461806011 0.63830322854609611 0.52231169267433408 -0.58628854017436793 0.24175304446861401 0.5120359707644796 0.21195343844641143 -0.34019758279827195 0.32486936426267288 0.0043091956802111721 -0.012369726320976463 -0.52698458314150065 0.43907474148709613 0.14212078414289256 -0.00056162308590051611 -0.35015497634085607
 0.1018479667920754 0.39178749668759905 -0.04997900673241662 -0.065912096822208083 0.047400876504897577 0.37978572451735715 -0.45864062071436934 0.23065871928972839 -0.2576089064044243 -0.31766319485141614 -0.52693627797560916 0.26943838351476462 0.21773832160870105 0.28469312873407182 -0.31408021926359686 0.16193101150987455
 0.085312529485338726 -0.36437318319165696 -0.15539205861597535 -0.42132092596899928 0.20753388994333949 -0.058380014211405214 -0.45682941097032809 -0.3302187903634845 -0.07463708826856949 -0.088185210344795387 0.079694640150492255 0.13512954978380828 -0.38658470686645374 0.40984720407835901 0.33341659356536341 0.086343147114831889
 0.03645726343345012 -0.4081591770262416 -0.020452693408569388 -0.43793099883464526 -0.21048951292958035 -0.43089550422325551 -0.20473190153678691 -0.02520056569701469 -0.46357572558511689 -0.046707895623634921 -0.40688430068406056 -0.21184022729309263 0.18974829270433244 -0.11449728587498376 -0.14360705370244908 -0.10226364358932799
 0.022565789460655496 -0.020375424207622669 -0.23493678018450079 -0.04400195446717272 -0.27858380701128677 -0.34356185359670083 0.0098449744252736265 0.32903706684892009 -0.36410782463266755 0.11160707533609632 -0.10192038559208243 0.28057092232844444 -0.31271809506916309 0.39616859865919024 -0.43008966966773593 -0.022640094074362144
 0.40276475103395992 0.21945402776129952 -0.23962862032703997 -0.090200244676323524 -0.21247552343962087 -0.069419401992114604 -0.43907511154285234 0.16635347718388294 0.48810883617703216 -0.32420798075206581 0.20046005423669477 0.028631704764902607 0.19353156844091154 -0.15046068616012453 0.11955288157088544 0.052893821408117388
 0.24765712243574267 0.18418276310096182 0.40850910070812635 0.14601117551497497 -0.05554011869020007 -0.097465105481194012 -0.29212369916127678 -0.29013737037585396 0.022916889049763987 0.36179203142035854 -0.35845279802914115 -0.42266116507396279 -0.42390434777719249 0.31767946035564137 -0.023829160487006552 0.46984824411391135
 -0.01339613493970959 -0.3770642456002567 -0.66858195635552453 -0.19176303278914608 -0.24687316123417291 0.15383979607276091 0.099826631226060017 -0.067436131441200323 -0.0021896326356516146 0.66304337969905158 -0.35198722035076063 -0.06290122501434485 0.23575025570772232 -0.59241932411501852 0.31614659345517709 -0.26513952559271114
 -0.33430461856807431 0.29859000743973774 0.47091583110877411 0.30455490411908065 -0.094872652469571994 -0.42284291619324238 0.46164880546612258 -0.26245748620129833 -0.057960565584247739 -0.19928294183753123 0.13900498027304781 0.10585343199137476 -0.19914831448079928 -0.43335316927816903 0.23576753936070691 -0.23672461776879883
 0.12445625272674203 0.5915869729180786 -0.17748702858613322 -0.47157290278908642 -0.052139013143711471 0.32923318715842942 0.061961497721695999 0.49663198119737612 0.1615483435700148 0.42518481066604369 0.3116910062811164 -0.45809146075968682 -0.52091572862625646 0.17583848012320777 -0.71096105291859901 -0.36831578139391025
 -0.1165286187797262 0.30941567792848951 -0.15211413110040395 0.35929257954832206 -0.4246198037249117 -0.35085579369141662 0.17391841931146668 -0.14637945664586605 0.33231240639782766 0.057206345193233546 -0.46259668763318501 -0.382525329144422 0.40470351701548712 0.04110040904606202 -0.17176279016274565 0.077929595033233767
 -0.2927501915611177 0.32253676969098494 0.32264233532968051 0.36987763679253921 0.083623882350741974 0.29557443228270203 0.097321458489717599 -0.16583087954052006 0.43573419050787798 0.65418396279965096 0.5396927058115456 -0.21023119387765313 -0.61728246403472531 -0.34296622680538363 -0.55701999380324541 0.32219113875934363
 -0.33386744382901967 0.19805969219339356 -0.15281331089368158 0.20277447351273553 0.20925954904918187 0.25463393121551225 0.092663158175453994 -0.23195652784733234 0.12107061734125607 -0.18559044817186784 0.37285622961998049 0.36433253156821671 0.15598588502465133 -0.19645829503154549 0.26282321760619154 -0.47415329880354701
 0.0089504946344213365 0.33286170583675023 -0.10330827306285417 0.19835431809757512 0.071591506282308023 0.43370209686564054 -0.40918290238534716 -0.18831625226169879 0.4584898361669304 0.23068727543078529 -0.38967329566045028 0.36981097891573894 0.30031056947751661 -0.32963429867084393 0.26668129122370554 0.1251738818069591
 -0.35991960223341096 0.17123459378001121 -0.17846629870808411 -0.46970701963948558 0.40992505236246246 -0.21691224956166641 0.17274803527878377 -0.38042214666906043 -0.27911419717310187 0.22001082354789489 0.049951801139910122 0.43476315921949665 0.16048177966175706 0.12928901962753084 -0.21633102811424618 0.016651863647306028
 0.087928092451325338 0.36073434454762809 0.1817044995797146 -0.47614665535885398 0.4116687054264882 0.0024227062091484036 -0.1594680725784127 0.49565542933360773 0.10955976417540482 -0.57024136822581106 -0.27934627599218309 0.13431475477357777 0.14885529604280864 0.33498994630703444 -0.2364415800107294 -0.098990605001128967
 0.27283084786776424 0.48455179232571921 -0.47011858930056122 -0.35319561198637223 0.1613833846085348 0.39728190297341115 -0.56062727657349765 -0.067885555174628326 -0.29725037895751616 0.52030198252489013 0.072657785295954999 0.51891898652857815 0.094529762002966033 0.085448052129348653 0.34970023593611332 -0.15500748635808018
 0.44084410637090776 0.41256770239479262 -0.34596268216326742 -0.47928490334871104 -0.095550101668664122 -0.11077198939750704 0.31815668620761789 0.56728501444694934 0.14817443835606614 -0.52047296601114801 -0.28447289665165648 -0.30029560026956881 -0.034413626204089762 -0.063333170311662024 -0.12265478580229863 0.19561092575827124
 -0.3149060357201699 0.017385560492003606 -0.28702265193407078 0.14412735829272544 0.073444021459263154 -0.11322912544107169 -0.35456849917498956 -0.18103084363061653 -0.16461879235539681 -0.17658188570734099 0.23221812910856332 -0.10190798112187038 -0.0880115083566302 -0.077207597662431446 -0.24832015367187318 0.34892278308050856
 -0.56927441422036451 0.32800888993977106 -0.14180198245947842 0.17332411884582763 -0.66347868829177192 0.38513267988194944 -0.25806554610796695 -0.25381698525605262 0.3393064109516461 0.50891400559639521 -0.34908193040416963 0.40645446719741984 -0.47594694268913956 -0.27743395324731834 0.15763083898565153 -0.0195325136117298
 0.19485499003078674 -0.0028793830519415848 -0.30056134209816415 0.39112312682045952 0.13144674260492381 0.16603325926047663 0.10340893049166801 0.070700956656046615 -0.081788391759693671 0.25408804581556349 -0.44802971942443898 -0.32522350489303997 0.40035519375963907 0.41426961639724719 -0.066379681781496808 -0.01633432568980336
 -0.33207518197859676 0.074830936457306527 -0.16435707640753547 -0.36663066329254113 0.28716870121434107 -0.14222873643450129 -0.42862494332784778 0.29738838886761287 -0.13502395900829431 -0.33975589030486159 -0.38805640537708219 -0.0066973632548191914 0.039523808487835634 -0.21563787085942987 0.33615391101813064 -0.025054637721674464
 0.025317795555561191 -0.43661578452562183 0.15277146011709686 -0.34340375853665761 -0.07552072863313869 -0.34878082039692487 0.17180844595254285 0.13331540054204874 0.054156367069693602 -0.87911797973096917 0.18558381107353314 0.16931900633287808 -0.032102211679685487 0.6579395911667808 0.22036203579749172 0.12271485435855693
 0.40356947941891702 0.45347170450705548 0.21627505440054301 0.047078861832820326 0.09763560815911411 -0.42339257405299491 0.25682807917964401 0.53237434731943523 0.032176761946448924 -0.61761511131024383 0.4040577512950605 0.15726665542415527 -0.54120548238567689 0.23389156050457649 0.33444611624322135 -0.19692133342152127
 0.058440888133035718 0.088464142559460238 -0.14933223070062668 0.17539405676486072 0.49986049416838896 0.26665905196614786 0.17697406176754896 0.24234221636324577 -0.31021730957627419 -0.46244538524978074 0.31598929502736128 0.4589330196828536 0.20953740531347692 0.040163019533709217 0.074005513779502666 -0.12284913958138187



# name: <cell-element>
# type: matrix
# rows: 1
# columns: 31
 0.16934546902473074 -0.6542430822752251 -0.66480691721640395 0.11088254537861499 -0.4325535228214139 -0.25297850873410904 -0.85960490154205083 0.11011181064946754 -0.23735036071173318 -0.10257414476463032 -0.07240945457445018 0.15762932041056549 -0.056934328628332129 -0.73840758189987521 0.093853606462143718 -0.59275362177542934 0.34156310811931584 0.65097184308523581 -0.1175366724301425 -0.23605369498838966 -0.2188048780890047 0.38570959262155152 0.19130589774490347 -0.32300834063509587 -0.025192813817474711 -0.53378585488141495 0.074981834799282748 -0.13255547516824986 -0.57595190024279463 -0.40766109509431087 0.28073434100312394





# name: errors
# type: matrix
# rows: 309
# columns: 1
 0.063511492849093229
 0.04029594277967518
 0.032778675021178191
 0.026735421167325045
 0.022333653014662325
 0.019233683495852923
 0.017004793792338661
 0.015344532332122469
 0.014072398153940313
 0.013079446238346826
 0.012293158859768845
 0.011660684606899839
 0.011142097401157743
 0.010707409182903268
 0.01033455270862901
 0.010007586072274349
 0.0097151048274968874
 0.0094489545268079452
 0.009203267124964316
 0.0089737794999391624
 0.0087573669012093614
 0.0085517265706497089
 0.0083551606458456048
 0.0081664227601235678
 0.0079846053944586902
 0.0078090541203533499
 0.0076393007944655904
 0.0074750112660059006
 0.0073159449722868279
 0.0071619245565516043
 0.0070128138449458768
 0.006868502524858708
 0.0067288958920235066
 0.0065939081710715058
 0.0064634581647189495
 0.006337466301542481
 0.0062158524696987851
 0.0060985342945265352
 0.0059854257152700896
 0.0058764358362454134
 0.0057714680824693908
 0.005670419698363907
 0.0055731816103867186
 0.00547963864637471
 0.0053896700767851139
 0.0053031504217038571
 0.0052199504545778156
 0.0051399383289399726
 0.0050629807566080435
 0.0049889441732145915
 0.0049176958377264556
 0.0048491048252540499
 0.0047830428855881466
 0.0047193851524381346
 0.0046580106994596627
 0.0045988029483056293
 0.0045416499408386336
 0.0044864444922722213
 0.0044330842445255121
 0.0043814716397830794
 0.0043315138335292521
 0.0042831225645780001
 0.0042362139972301907
 0.0041907085479951965
 0.0041465307065819473
 0.0041036088582932272
 0.0040618751126764987
 0.0040212651413650746
 0.0039817180265092561
 0.0039431761200369288
 0.0039055849131627613
 0.003868892915036613
 0.0038330515391328903
 0.0037980149958783595
 0.0037637401900494113
 0.0037301866215959712
 0.0036973162887336567
 0.0036650935923595606
 0.0036334852410685571
 0.0036024601562613754
 0.0035719893770318439
 0.0035420459646936806
 0.0035126049069531188
 0.0034836430218522772
 0.0034551388617009319
 0.003427072617282621
 0.0033994260226681504
 0.0033721822609974351
 0.0033453258716037403
 0.00331884265885342
 0.0032927196030632017
 0.0032669447738377603
 0.0032415072461439449
 0.0032163970194071423
 0.0031916049398805651
 0.0031671226265011163
 0.0031429424004071312
 0.0031190572182536788
 0.0030954606094224539
 0.0030721466171845413
 0.0030491097438373901
 0.0030263448998018314
 0.0030038473566320898
 0.0029816127038609602
 0.0029596368095748801
 0.0029379157845892908
 0.0029164459500734476
 0.0028952238084565766
 0.0028742460174331188
 0.0028535093668744889
 0.0028330107584477707
 0.0028127471877379654
 0.0027927157286699355
 0.0027729135200281587
 0.0027533377538773171
 0.0027339856656933607
 0.0027148545260234557
 0.0026959416335035355
 0.0026772443090730749
 0.0026587598912391807
 0.0026404857322542569
 0.0026224191950844108
 0.0026045576510581665
 0.0025868984780974924
 0.0025694390594447002
 0.002552176782809874
 0.0025351090398739663
 0.0025182332260916861
 0.0025015467407471298
 0.0024850469872224851
 0.00246873137344662
 0.0024525973124961517
 0.0024366422233262808
 0.0024208635316126373
 0.0024052586706886014
 0.0023898250825650654
 0.0023745602190215656
 0.0023594615427590705
 0.0023445265286058826
 0.0023297526647684651
 0.0023151374541196938
 0.0023006784155169581
 0.0022863730851427301
 0.0022722190178599616
 0.0022582137885747743
 0.0022443549935985763
 0.0022306402520018017
 0.0022170672069512644
 0.0022036335270234262
 0.0021903369074855951
 0.002177175071537623
 0.0021641457715067354
 0.002151246789988666
 0.0021384759409285811
 0.0021258310706358825
 0.0021133100587276826
 0.0021009108189961908
 0.0020886313001961033
 0.0020764694867488596
 0.0020644233993611411
 0.0020524910955560366
 0.0020406706701158526
 0.0020289602554362488
 0.0020173580217922489
 0.0020058621775171821
 0.0019944709690962749
 0.0019831826811771863
 0.0019719956365003618
 0.0019609081957523461
 0.001949918757345837
 0.0019390257571304272
 0.0019282276680383033
 0.0019175229996694055
 0.0019069102978207578
 0.0018963881439646134
 0.0018859551546803435
 0.0018756099810448149
 0.0018653513079860725
 0.0018551778536049543
 0.0018450883684693372
 0.0018350816348853074
 0.0018251564661495897
 0.0018153117057872728
 0.0018055462267786758
 0.0017958589307789307
 0.0017862487473336872
 0.0017767146330939915
 0.0017672555710333117
 0.0017578705696691746
 0.0017485586622919156
 0.0017393189062025328
 0.0017301503819616097
 0.0017210521926508849
 0.0017120234631489209
 0.00170306333942208
 0.0016941709878317843
 0.0016853455944589322
 0.0016765863644461183
 0.001667892521358085
 0.0016592633065608459
 0.0016506979786196552
 0.0016421958127159145
 0.0016337561000830338
 0.0016253781474611006
 0.0016170612765702686
 0.0016088048236025433
 0.0016006081387316153
 0.0015924705856405217
 0.001584391541066618
 0.001576370394363448
 0.0015684065470790993
 0.00156049941255057
 0.0015526484155135962
 0.0015448529917274942
 0.0015371125876145911
 0.0015294266599136326
 0.0015217946753467719
 0.0015142161102996378
 0.0015066904505140219
 0.0014992171907927702
 0.0014917958347163789
 0.0014844258943709457
 0.0014771068900870413
 0.0014698383501890995
 0.0014626198107550422
 0.0014554508153856495
 0.0014483309149834857
 0.0014412596675409458
 0.0014342366379372037
 0.0014272613977436837
 0.0014203335250378582
 0.0014134526042250649
 0.0014066182258680464
 0.0013998299865240424
 0.0013930874885891584
 0.0013863903401497143
 0.0013797381548404848
 0.0013731305517094569
 0.0013665671550889937
 0.0013600475944731522
 0.0013535715044009227
 0.0013471385243452295
 0.001340748298607418
 0.0013344004762171108
 0.0013280947108371167
 0.0013218306606732769
 0.0013156079883890168
 0.0013094263610243426
 0.0013032854499191893
 0.0012971849306407791
 0.0012911244829148974
 0.0012851037905608066
 0.0012791225414296361
 0.0012731804273460306
 0.0012672771440528131
 0.0012614123911585543
 0.0012555858720877202
 0.0012497972940333332
 0.0012440463679118277
 0.0012383328083200207
 0.0012326563334939063
 0.0012270166652691556
 0.0012214135290431218
 0.0012158466537381613
 0.0012103157717661365
 0.0012048206189938777
 0.0011993609347095043
 0.0011939364615894089
 0.0011885469456658017
 0.0011831921362946201
 0.001177871786123738
 0.0011725856510612733
 0.0011673334902439806
 0.0011621150660055103
 0.0011569301438444991
 0.0011517784923924088
 0.001146659883380981
 0.001141574091609266
 0.0011365208949101584
 0.0011315000741163549
 0.0011265114130257165
 0.0011215546983659513
 0.0011166297197586301
 0.001111736269682444
 0.001106874143435746
 0.0011020431390982978
 0.0010972430574922904
 0.0010924737021425438
 0.0010877348792359678
 0.0010830263975802304
 0.0010783480685617305
 0.0010736997061027796
 0.0010690811266181497
 0.001064492148970871
 0.0010599325944274567
 0.0010554022866124941
 0.0010509010514626492
 0.0010464287171802098
 0.0010419851141860775
 0.0010375700750724093
 0.0010331834345548084
 0.0010288250294242336
 0.0010244946984986443
 0.0010201922825743698
 0.001015917624377383
 0.0010116705685144251
 0.0010074509614240821
 0.0010032586513278733
 0.00099909348818140323


# name: epochs
# type: scalar
309


# name: varialble_eta_delta
# type: scalar
0.10000000000000001




