# Created by Octave 5.1.0, Sun May 12 19:56:54 2019 -03 <gigizuber@Gigis-MacBook-Air.local>
# name: P
# type: global scalar struct
# ndims: 2
 1 1
# length: 14
# name: hiddenLayers
# type: scalar
50


# name: inputs
# type: matrix
# rows: 2
# columns: 441
 0.94810000000000005 -1.8859999999999999 -2.7637999999999998 2.1128 1.3606 -1.1384000000000001 0.94810000000000005 2.2370000000000001 0.29330000000000001 -2.4849999999999999 0.29330000000000001 0.29330000000000001 2.8666 0.62690000000000001 -1.3664000000000001 2.6259000000000001 0 -2.7637999999999998 0 1.9628000000000001 0.94810000000000005 0 -2.4849999999999999 -1.8859999999999999 -0.59230000000000005 -0.59230000000000005 1.3606 0 0.62690000000000001 2.8666 -1.8859999999999999 -2.7637999999999998 2.1128 -1.1384000000000001 -2.7637999999999998 1.9628000000000001 2.6259000000000001 -1.8973 -0.59230000000000005 0.94810000000000005 -0.59230000000000005 -2.4849999999999999 1.9628000000000001 -0.27010000000000001 -2.4849999999999999 -0.94120000000000004 0.94810000000000005 1.9628000000000001 -2.9369000000000001 -2.9369000000000001 -2.7637999999999998 2.2370000000000001 1.1377999999999999 2.1128 2.2370000000000001 -1.8973 -1.3664000000000001 -1.3664000000000001 -0.27010000000000001 1.3606 0 2.6259000000000001 1.3606 2.6259000000000001 -1.3664000000000001 2.2370000000000001 2.6259000000000001 -1.8973 -0.59230000000000005 -2.4849999999999999 -2.9369000000000001 0.29330000000000001 0.29330000000000001 0 -2.7637999999999998 -2.9369000000000001 -1.8859999999999999 1.3606 2.2370000000000001 -0.94120000000000004 2.2370000000000001 2.8666 -0.59230000000000005 2.6259000000000001 0.94810000000000005 2.6259000000000001 1.3606 1.1377999999999999 1.9628000000000001 2.1128 0.62690000000000001 -1.3664000000000001 2.8666 2.6259000000000001 0.62690000000000001 -1.1384000000000001 -2.9369000000000001 0.62690000000000001 -2.4849999999999999 -0.94120000000000004 -2.9369000000000001 2.8666 -1.1384000000000001 0.62690000000000001 2.2370000000000001 -1.8859999999999999 2.1128 2.6259000000000001 0.62690000000000001 1.9628000000000001 0.29330000000000001 -1.3664000000000001 0.29330000000000001 -2.4849999999999999 -1.3664000000000001 -0.27010000000000001 1.9628000000000001 -2.7637999999999998 -1.8859999999999999 -1.8973 1.1377999999999999 0.62690000000000001 -0.94120000000000004 2.2370000000000001 2.2370000000000001 -0.27010000000000001 0.62690000000000001 2.1128 2.1128 -2.4849999999999999 -1.1384000000000001 0 -1.8973 -1.8859999999999999 -1.8973 0.62690000000000001 1.9628000000000001 -1.8973 0.29330000000000001 -1.8973 0.94810000000000005 0 2.2370000000000001 0.62690000000000001 -1.8973 -1.8859999999999999 2.8666 -1.8973 0.29330000000000001 -1.8973 1.9628000000000001 2.2370000000000001 0.94810000000000005 -0.27010000000000001 1.1377999999999999 -1.8859999999999999 0.29330000000000001 1.1377999999999999 0.29330000000000001 1.1377999999999999 -1.1384000000000001 0.94810000000000005 -1.3664000000000001 0.29330000000000001 2.8666 -1.8859999999999999 0.94810000000000005 -2.7637999999999998 1.1377999999999999 2.2370000000000001 -1.3664000000000001 -2.7637999999999998 -1.3664000000000001 -1.8859999999999999 -0.59230000000000005 -0.59230000000000005 -0.59230000000000005 0 0.29330000000000001 -0.27010000000000001 -1.3664000000000001 2.6259000000000001 1.3606 2.2370000000000001 -0.27010000000000001 -2.4849999999999999 2.1128 -2.4849999999999999 0.94810000000000005 2.1128 -1.1384000000000001 -0.94120000000000004 2.2370000000000001 -1.1384000000000001 -1.1384000000000001 0 1.3606 -0.59230000000000005 0 1.1377999999999999 2.8666 -1.1384000000000001 -0.27010000000000001 -0.27010000000000001 2.1128 -2.7637999999999998 -2.4849999999999999 -0.27010000000000001 2.1128 0.62690000000000001 -0.94120000000000004 1.9628000000000001 -0.94120000000000004 -1.8973 -1.8973 2.2370000000000001 -0.27010000000000001 2.8666 -1.8973 2.1128 -2.7637999999999998 1.9628000000000001 -0.94120000000000004 1.3606 1.9628000000000001 1.9628000000000001 1.1377999999999999 -2.9369000000000001 -1.8859999999999999 2.6259000000000001 1.3606 -1.8973 -2.7637999999999998 0 -0.94120000000000004 -0.59230000000000005 2.1128 2.2370000000000001 -0.59230000000000005 -0.94120000000000004 2.2370000000000001 1.1377999999999999 2.1128 -0.27010000000000001 -1.8859999999999999 0 0.62690000000000001 2.8666 1.3606 0.29330000000000001 -1.1384000000000001 0.62690000000000001 2.1128 2.1128 1.3606 -1.8973 -2.4849999999999999 0.29330000000000001 0.62690000000000001 -2.4849999999999999 -0.94120000000000004 1.3606 -2.7637999999999998 -2.7637999999999998 2.8666 -0.59230000000000005 -2.7637999999999998 -1.8859999999999999 -0.27010000000000001 1.3606 -2.9369000000000001 1.1377999999999999 1.1377999999999999 1.9628000000000001 0.94810000000000005 2.6259000000000001 -0.27010000000000001 -2.9369000000000001 -1.3664000000000001 2.6259000000000001 1.3606 -2.9369000000000001 2.8666 1.9628000000000001 -0.94120000000000004 -2.9369000000000001 0.94810000000000005 -0.59230000000000005 1.3606 -1.8973 -2.4849999999999999 -1.8973 0.94810000000000005 0.62690000000000001 -1.3664000000000001 1.3606 -1.8859999999999999 -0.94120000000000004 -1.8859999999999999 -0.59230000000000005 0.94810000000000005 -2.4849999999999999 -2.7637999999999998 0.29330000000000001 2.8666 -1.8973 1.1377999999999999 -0.94120000000000004 0.29330000000000001 -2.9369000000000001 -0.94120000000000004 -2.9369000000000001 2.6259000000000001 -0.59230000000000005 2.1128 -2.9369000000000001 0.94810000000000005 2.8666 -2.4849999999999999 2.6259000000000001 -1.1384000000000001 2.8666 -2.9369000000000001 0 -0.94120000000000004 -1.1384000000000001 -0.59230000000000005 -2.4849999999999999 0.29330000000000001 -0.94120000000000004 2.1128 -1.1384000000000001 -1.3664000000000001 0 0.29330000000000001 2.6259000000000001 -0.27010000000000001 -2.7637999999999998 -1.1384000000000001 2.6259000000000001 2.8666 -1.1384000000000001 0.62690000000000001 -0.27010000000000001 -0.59230000000000005 -0.27010000000000001 -1.1384000000000001 2.8666 -0.94120000000000004 -0.27010000000000001 -1.8973 2.6259000000000001 -0.94120000000000004 0.62690000000000001 1.9628000000000001 1.9628000000000001 -1.1384000000000001 1.9628000000000001 -2.9369000000000001 0.62690000000000001 2.8666 -2.4849999999999999 -2.7637999999999998 -0.27010000000000001 0.94810000000000005 0 -2.4849999999999999 -0.94120000000000004 -1.1384000000000001 -0.59230000000000005 1.3606 1.3606 1.1377999999999999 0 1.3606 1.1377999999999999 1.1377999999999999 0 -1.3664000000000001 -1.8859999999999999 -0.27010000000000001 2.1128 -1.1384000000000001 1.1377999999999999 1.1377999999999999 2.2370000000000001 1.9628000000000001 -1.3664000000000001 0.29330000000000001 -1.8973 1.9628000000000001 -2.9369000000000001 -1.1384000000000001 2.1128 -2.7637999999999998 0 2.1128 -0.94120000000000004 2.8666 -1.8859999999999999 0.94810000000000005 -2.7637999999999998 -1.3664000000000001 -1.3664000000000001 0.94810000000000005 -1.8859999999999999 2.8666 2.6259000000000001 2.2370000000000001 -2.4849999999999999 -2.4849999999999999 0.62690000000000001 -1.3664000000000001 -1.8859999999999999 1.3606 -1.3664000000000001 2.6259000000000001 -2.9369000000000001 2.8666 0.94810000000000005 1.1377999999999999 0.62690000000000001 2.2370000000000001 -0.59230000000000005 0.29330000000000001 -2.9369000000000001 -2.7637999999999998 -1.8859999999999999 -2.9369000000000001 -1.3664000000000001 1.1377999999999999 1.1377999999999999 0 0.94810000000000005 2.6259000000000001 -2.9369000000000001 -0.59230000000000005 0 2.2370000000000001 -0.27010000000000001 1.9628000000000001
 -2.7761 -1.3962000000000001 0 -1.9031 1.7444999999999999 0.3226 2.8027000000000002 -0.88419999999999999 0.55110000000000003 -2.2170999999999998 -3.0484 -1.9031 2.0432999999999999 -3.0484 -0.2792 1.7444999999999999 -1.3024 -0.2792 -2.2170999999999998 2.0432999999999999 -0.2792 -1.9031 2.8027000000000002 -3.0484 0 -3.0484 -3.0484 -1.3962000000000001 -0.2792 1.7444999999999999 0.55110000000000003 -0.88419999999999999 -0.2792 1.7444999999999999 -2.7761 -2.2170999999999998 0.55110000000000003 2.8027000000000002 -0.88419999999999999 0.3226 1.2464 -1.7930999999999999 -1.3962000000000001 -2.2170999999999998 -0.2792 0.3226 1.4013 -0.2792 1.2464 2.9243000000000001 2.0432999999999999 -1.9031 -2.2170999999999998 -1.3024 -0.2792 0 -0.88419999999999999 2.8027000000000002 -1.3024 2.3239999999999998 1.2464 -2.2170999999999998 0.55110000000000003 2.9243000000000001 -1.7930999999999999 -3.0484 0.3226 -2.7761 1.7444999999999999 1.7444999999999999 -0.58850000000000002 -1.7930999999999999 -1.3024 0.86990000000000001 2.9243000000000001 -3.0484 -2.7761 -2.7761 0.55110000000000003 1.7444999999999999 -2.2170999999999998 -1.9031 2.0432999999999999 -1.7930999999999999 -1.3024 0.86990000000000001 2.0432999999999999 2.3239999999999998 2.3239999999999998 -1.7930999999999999 0.86990000000000001 2.0432999999999999 -1.3962000000000001 -1.3024 -2.2170999999999998 2.9243000000000001 -2.7761 0 -2.7761 -1.3962000000000001 -1.9031 1.4013 -3.0484 2.0432999999999999 1.7444999999999999 -1.7930999999999999 -1.3962000000000001 -1.3962000000000001 2.9243000000000001 0.3226 -2.2170999999999998 -0.58850000000000002 2.3239999999999998 0.3226 0.86990000000000001 -3.0484 -3.0484 -1.7930999999999999 -1.9031 2.9243000000000001 2.9243000000000001 2.3239999999999998 -0.2792 2.0432999999999999 -0.58850000000000002 0 1.4013 0.55110000000000003 1.4013 -1.3024 0.86990000000000001 2.8027000000000002 -1.3962000000000001 -0.2792 -0.88419999999999999 -0.88419999999999999 -2.7761 1.4013 1.2464 -1.3024 0.86990000000000001 -1.7930999999999999 0.86990000000000001 0.3226 -1.7930999999999999 2.9243000000000001 -3.0484 -1.9031 -0.58850000000000002 1.7444999999999999 -0.88419999999999999 -1.3962000000000001 1.7444999999999999 1.2464 -3.0484 0.3226 0.86990000000000001 1.4013 -0.88419999999999999 2.8027000000000002 0 -2.2170999999999998 2.9243000000000001 -0.2792 2.8027000000000002 -0.88419999999999999 -1.3962000000000001 1.7444999999999999 -0.58850000000000002 0.3226 -2.2170999999999998 2.3239999999999998 -3.0484 1.2464 2.8027000000000002 -1.3024 -1.7930999999999999 1.7444999999999999 2.0432999999999999 0.3226 0.3226 2.8027000000000002 -0.2792 -1.7930999999999999 -1.9031 0.86990000000000001 -0.58850000000000002 -3.0484 -3.0484 2.9243000000000001 0.55110000000000003 2.0432999999999999 2.9243000000000001 -1.3962000000000001 -1.3024 -0.2792 -1.7930999999999999 2.9243000000000001 2.9243000000000001 -0.88419999999999999 0.86990000000000001 2.3239999999999998 -0.58850000000000002 -0.2792 1.2464 2.8027000000000002 -0.88419999999999999 -1.7930999999999999 -2.2170999999999998 -1.3024 0.86990000000000001 0.55110000000000003 0.55110000000000003 -2.2170999999999998 0.3226 2.3239999999999998 -0.88419999999999999 -1.7930999999999999 -0.2792 2.8027000000000002 -0.58850000000000002 0 0 2.9243000000000001 1.2464 1.7444999999999999 -1.3962000000000001 1.4013 2.3239999999999998 0 -0.88419999999999999 -3.0484 -1.3024 0 -1.3024 -0.58850000000000002 2.0432999999999999 -1.3024 -2.7761 -1.7930999999999999 0 0.86990000000000001 1.7444999999999999 2.9243000000000001 -0.58850000000000002 2.0432999999999999 1.2464 1.2464 -1.9031 2.8027000000000002 -1.7930999999999999 1.7444999999999999 -0.88419999999999999 -3.0484 -0.58850000000000002 1.2464 2.9243000000000001 0.3226 -1.3962000000000001 0 -0.58850000000000002 -1.3024 -1.3962000000000001 1.4013 0.3226 -1.9031 1.2464 0.86990000000000001 2.3239999999999998 1.2464 -2.2170999999999998 -1.3024 1.2464 -1.7930999999999999 2.9243000000000001 -2.7761 1.7444999999999999 -1.3024 1.4013 -1.9031 -2.2170999999999998 -0.2792 -0.2792 2.8027000000000002 2.9243000000000001 -1.3962000000000001 -1.9031 -2.2170999999999998 0.86990000000000001 -0.58850000000000002 1.2464 2.3239999999999998 0 -0.58850000000000002 2.3239999999999998 1.4013 -1.3024 2.3239999999999998 -2.2170999999999998 -1.3962000000000001 -0.88419999999999999 1.4013 0.86990000000000001 -2.7761 -1.3024 2.0432999999999999 -0.2792 2.8027000000000002 -1.3962000000000001 -1.7930999999999999 -3.0484 0.86990000000000001 -0.88419999999999999 2.3239999999999998 2.3239999999999998 0.55110000000000003 0.55110000000000003 -0.88419999999999999 2.3239999999999998 2.0432999999999999 -1.9031 0.55110000000000003 2.3239999999999998 0.55110000000000003 1.4013 -0.88419999999999999 0.3226 -1.3962000000000001 0 -1.9031 0 1.4013 0 1.4013 1.4013 2.3239999999999998 2.0432999999999999 -1.9031 1.2464 -3.0484 -2.2170999999999998 -2.2170999999999998 0.55110000000000003 -1.3962000000000001 -0.2792 0.86990000000000001 -0.2792 2.9243000000000001 1.2464 0.55110000000000003 0.86990000000000001 1.2464 -2.2170999999999998 -1.7930999999999999 2.9243000000000001 1.4013 2.0432999999999999 0.86990000000000001 2.8027000000000002 -1.9031 0 -1.9031 0.55110000000000003 1.4013 2.3239999999999998 0.3226 2.0432999999999999 -0.88419999999999999 2.8027000000000002 0.86990000000000001 0 2.8027000000000002 0.55110000000000003 -0.58850000000000002 -1.3962000000000001 -1.9031 1.7444999999999999 -0.88419999999999999 -1.9031 0 -2.7761 0.3226 -2.7761 -1.7930999999999999 0.3226 2.8027000000000002 -1.3024 -1.3024 2.9243000000000001 0.55110000000000003 -0.58850000000000002 -0.88419999999999999 -0.58850000000000002 -2.7761 -2.2170999999999998 -3.0484 0.86990000000000001 -2.7761 -0.58850000000000002 2.0432999999999999 -1.7930999999999999 0.3226 0.55110000000000003 1.2464 -0.58850000000000002 1.7444999999999999 2.3239999999999998 1.4013 -2.7761 -0.58850000000000002 0.55110000000000003 2.8027000000000002 -1.3962000000000001 2.8027000000000002 0.3226 -2.7761 -0.58850000000000002 1.7444999999999999 -2.7761 1.2464 2.0432999999999999 -2.7761 1.2464 0.55110000000000003 1.7444999999999999 0.3226 -3.0484 1.4013 2.0432999999999999 1.7444999999999999 -2.7761 0 2.3239999999999998 2.0432999999999999 -0.2792 0 1.4013 -2.7761 1.4013 2.8027000000000002 -1.9031


# name: outputs
# type: matrix
# rows: 1
# columns: 441
 0.0453 0.0016000000000000001 0.016400000000000001 0.1246 0.0023999999999999998 0.63109999999999999 0.00080000000000000004 0.19239999999999999 0.2036 0 0.0086 0.27379999999999999 0 0.0135 0.15740000000000001 0 0.34539999999999998 0.0080000000000000002 0.076799999999999993 0.0001 0.60940000000000005 0.17180000000000001 0.0045999999999999999 0 0.30940000000000001 0.0011999999999999999 0.012500000000000001 0.29320000000000002 0.51319999999999999 0 0.36430000000000001 0.0012999999999999999 0.17929999999999999 0.6079 0 0.083000000000000004 0.0061000000000000004 0.0161 0.099699999999999997 0.17319999999999999 0.79490000000000005 0 0.30509999999999998 0.043499999999999997 0.022499999999999999 0.66290000000000004 0.023699999999999999 0.24410000000000001 0.023199999999999998 0.00050000000000000001 0.0144 0.1041 0.2205 0.24229999999999999 0.12740000000000001 0.17560000000000001 0.029000000000000001 0.031199999999999999 0.18010000000000001 0.00059999999999999995 0.3518 0.016500000000000001 0.074700000000000003 0 0.0022000000000000001 0.0033999999999999998 0.0117 0 0.46889999999999998 0.059200000000000003 0.0020999999999999999 0.3362 0.57199999999999995 0.39560000000000001 0.0011000000000000001 0 0 0.038800000000000001 0.0178 0.62139999999999995 0.046300000000000001 0.0135 0.30790000000000001 0.040500000000000001 0.93130000000000002 0.002 0.0012999999999999999 0.0016999999999999999 0 0.14080000000000001 0.091399999999999995 0.2848 0.027099999999999999 0.070400000000000004 0.20399999999999999 0.0258 0 0.318 0 0.021499999999999998 0 0.0001 0.00020000000000000001 0.021899999999999999 0.0001 0.00029999999999999997 0.2601 0.060100000000000001 0.0019 0.068199999999999997 0.1313 0.074200000000000002 0.029700000000000001 0.073899999999999993 0.90249999999999997 0.0028 0.0063 0 0.00020000000000000001 0.0118 0.00020000000000000001 0.012800000000000001 0.22559999999999999 0 0.1855 0.31419999999999998 0.064000000000000001 0.0276 0.001 0.00059999999999999995 0.88780000000000003 0.012999999999999999 0.0018 0.085300000000000001 0.0121 0.85860000000000003 0.017999999999999999 0.39129999999999998 0.1918 0.0023999999999999998 0.056099999999999997 0.20549999999999999 0.0067999999999999996 0.20910000000000001 0.00029999999999999997 0.0118 0.00050000000000000001 0.00020000000000000001 0.51700000000000002 0.27760000000000001 0.40300000000000002 0.16800000000000001 0.0129 0.5383 0.0141 0.28089999999999998 0.21879999999999999 0.0109 0.62029999999999996 0.00040000000000000002 0.3805 0.23430000000000001 0.02 0.38619999999999999 0 0.012500000000000001 0.79249999999999998 0.024400000000000002 0.75600000000000001 0.038399999999999997 0.00089999999999999998 0.0073000000000000001 0.0001 0.46550000000000002 0.034599999999999999 0.070000000000000007 0.0402 0.1983 0.061199999999999997 0.39979999999999999 0.55379999999999996 0 0.51380000000000003 0.1086 0.094899999999999998 0.1113 0.24060000000000001 0 0.016199999999999999 0 0.83679999999999999 0.31609999999999999 0 0.013100000000000001 0.0135 0.2828 0.45729999999999998 0.0195 0.0091999999999999998 1.0552999999999999 0.001 0.1699 0.22600000000000001 0.2281 0.0018 0.0018 0.0033 0.1134 0.063600000000000004 0.82609999999999995 0.95340000000000003 0.033099999999999997 0.88119999999999998 0.0001 0.29670000000000002 0 0.21379999999999999 0.015699999999999999 0.095799999999999996 0 0.0037000000000000002 0.13420000000000001 0.38279999999999997 0.0001 0.0025999999999999999 0.00029999999999999997 0.88749999999999996 0.021399999999999999 0.078600000000000003 0.0241 0.79500000000000004 0 0.00020000000000000001 0.28739999999999999 0.025399999999999999 0.12429999999999999 0.0001 0.1993 0.0033999999999999998 0.0115 0.085199999999999998 0.042700000000000002 0.00020000000000000001 0.013599999999999999 0.039399999999999998 0.1321 0.073800000000000004 0.00020000000000000001 0.40429999999999999 0.0067000000000000002 0.0054999999999999997 0.044999999999999998 0.27410000000000001 0.0040000000000000001 0.70530000000000004 0.45300000000000001 0.0027000000000000001 0.2394 0.72170000000000001 0.039199999999999999 0.1072 0.87549999999999994 0.0001 0.0344 0.0058999999999999999 0.0344 0.046100000000000002 0.48039999999999999 0.092700000000000005 0.0088999999999999999 0 0.84379999999999999 0.017500000000000002 0.21490000000000001 0.00050000000000000001 0.0030000000000000001 0.36049999999999999 0.0001 0.79610000000000003 0.029100000000000001 0.18490000000000001 0.0047000000000000002 0.018700000000000001 0 0.024199999999999999 0.0001 0.45500000000000002 0.017600000000000001 0.032099999999999997 0.034299999999999997 0.096299999999999997 0.079100000000000004 0.40350000000000003 0.78759999999999997 0.1656 0.0058999999999999999 0.0027000000000000001 0.1893 0.0001 0.075300000000000006 0.95979999999999999 0.0998 0.044600000000000001 0.024400000000000002 0.026499999999999999 0.15989999999999999 0.52990000000000004 0.036900000000000002 0.56310000000000004 0 0.00029999999999999997 0.0241 0.073999999999999996 0.1323 0 0.0178 0.1188 0.028500000000000001 0.0178 0 0.0050000000000000001 0.0028999999999999998 0.0043 0.30659999999999998 0.85360000000000003 0.036400000000000002 0.51919999999999999 0.00040000000000000002 0.28960000000000002 0.0109 0.1009 0.90669999999999995 0.31569999999999998 0.3392 0.17219999999999999 0 0.21310000000000001 0 0.88890000000000002 0.0011999999999999999 0.0064999999999999997 0.0025000000000000001 0.13439999999999999 0.18940000000000001 0.22950000000000001 0.54320000000000002 0.189 0 0.88239999999999996 0.45229999999999998 0.48139999999999999 0.00050000000000000001 0.0055999999999999999 0.43990000000000001 0 0.0012999999999999999 0.33679999999999999 0.012200000000000001 0.00089999999999999998 0.37840000000000001 0.0124 0 0.035499999999999997 0.45619999999999999 0.0041000000000000003 0.27039999999999997 0.034700000000000002 0.050799999999999998 0.040399999999999998 0.90039999999999998 0.33760000000000001 0.00020000000000000001 0.094299999999999995 0.36180000000000001 0.7298 0.4294 0.0064000000000000003 0.39579999999999999 0.0018 0.15210000000000001 0.0085000000000000006 0.053499999999999999 0.00040000000000000002 0.57320000000000004 0.1699 0 0.34470000000000001 0.0070000000000000001 0.0044000000000000003 0.38479999999999998 0.31409999999999999 0.00069999999999999999 0.0872 0.0121 0 0.0055999999999999999 0.0086 0.001 0.026499999999999999 0.14829999999999999 0.53549999999999998 0.026700000000000002 0.76790000000000003 0.86329999999999996 0.83340000000000003 0.2661 0 0.00020000000000000001 0.0085000000000000006 0.0080000000000000002 0.084099999999999994 0.0025999999999999999 0.0058999999999999999 0.0183 0.1628 0.00020000000000000001 0.056599999999999998 0.0126 0.0011999999999999999 0.027300000000000001 0.0038999999999999998 0.040399999999999998 0.0012999999999999999 0.67869999999999997 0.11609999999999999 0.014200000000000001 0 0.36940000000000001 0.0077999999999999996 0.47589999999999999 0.042599999999999999 0.34350000000000003 0.058200000000000002 0.0077000000000000002 0.039300000000000002 0.0080000000000000002 0.67930000000000001 0.0155 0.00080000000000000004 0.020899999999999998 0.16470000000000001


# name: eta
# type: scalar
5


# name: epsilon
# type: scalar
0.001


# name: process_type
# type: scalar
0


# name: variable_eta_flag
# type: bool
0


# name: variable_eta
# type: function handle
@<anonymous>
@(x) ((x > v_eta_min_value) * (x - v_eta_decrease_amount) + (x <= v_eta_min_value) * (v_eta_min_value))
# length: 2
# name: v_eta_decrease_amount
# type: scalar
1.9999999999999999e-06


# name: v_eta_min_value
# type: scalar
0.001




# name: activationFunction
# type: function handle
@<anonymous>
@(x) (1 / (1 + exp (-x)))


# name: activationFunctionDeriv
# type: function handle
@<anonymous>
@(x) (P.activationFunction (x) * (1 - P.activationFunction (x)))
# length: 1
# name: P
# type: scalar struct
# ndims: 2
 1 1
# length: 9
# name: hiddenLayers
# type: scalar
50


# name: inputs
# type: matrix
# rows: 2
# columns: 441
 0.94810000000000005 -1.8859999999999999 -2.7637999999999998 2.1128 1.3606 -1.1384000000000001 0.94810000000000005 2.2370000000000001 0.29330000000000001 -2.4849999999999999 0.29330000000000001 0.29330000000000001 2.8666 0.62690000000000001 -1.3664000000000001 2.6259000000000001 0 -2.7637999999999998 0 1.9628000000000001 0.94810000000000005 0 -2.4849999999999999 -1.8859999999999999 -0.59230000000000005 -0.59230000000000005 1.3606 0 0.62690000000000001 2.8666 -1.8859999999999999 -2.7637999999999998 2.1128 -1.1384000000000001 -2.7637999999999998 1.9628000000000001 2.6259000000000001 -1.8973 -0.59230000000000005 0.94810000000000005 -0.59230000000000005 -2.4849999999999999 1.9628000000000001 -0.27010000000000001 -2.4849999999999999 -0.94120000000000004 0.94810000000000005 1.9628000000000001 -2.9369000000000001 -2.9369000000000001 -2.7637999999999998 2.2370000000000001 1.1377999999999999 2.1128 2.2370000000000001 -1.8973 -1.3664000000000001 -1.3664000000000001 -0.27010000000000001 1.3606 0 2.6259000000000001 1.3606 2.6259000000000001 -1.3664000000000001 2.2370000000000001 2.6259000000000001 -1.8973 -0.59230000000000005 -2.4849999999999999 -2.9369000000000001 0.29330000000000001 0.29330000000000001 0 -2.7637999999999998 -2.9369000000000001 -1.8859999999999999 1.3606 2.2370000000000001 -0.94120000000000004 2.2370000000000001 2.8666 -0.59230000000000005 2.6259000000000001 0.94810000000000005 2.6259000000000001 1.3606 1.1377999999999999 1.9628000000000001 2.1128 0.62690000000000001 -1.3664000000000001 2.8666 2.6259000000000001 0.62690000000000001 -1.1384000000000001 -2.9369000000000001 0.62690000000000001 -2.4849999999999999 -0.94120000000000004 -2.9369000000000001 2.8666 -1.1384000000000001 0.62690000000000001 2.2370000000000001 -1.8859999999999999 2.1128 2.6259000000000001 0.62690000000000001 1.9628000000000001 0.29330000000000001 -1.3664000000000001 0.29330000000000001 -2.4849999999999999 -1.3664000000000001 -0.27010000000000001 1.9628000000000001 -2.7637999999999998 -1.8859999999999999 -1.8973 1.1377999999999999 0.62690000000000001 -0.94120000000000004 2.2370000000000001 2.2370000000000001 -0.27010000000000001 0.62690000000000001 2.1128 2.1128 -2.4849999999999999 -1.1384000000000001 0 -1.8973 -1.8859999999999999 -1.8973 0.62690000000000001 1.9628000000000001 -1.8973 0.29330000000000001 -1.8973 0.94810000000000005 0 2.2370000000000001 0.62690000000000001 -1.8973 -1.8859999999999999 2.8666 -1.8973 0.29330000000000001 -1.8973 1.9628000000000001 2.2370000000000001 0.94810000000000005 -0.27010000000000001 1.1377999999999999 -1.8859999999999999 0.29330000000000001 1.1377999999999999 0.29330000000000001 1.1377999999999999 -1.1384000000000001 0.94810000000000005 -1.3664000000000001 0.29330000000000001 2.8666 -1.8859999999999999 0.94810000000000005 -2.7637999999999998 1.1377999999999999 2.2370000000000001 -1.3664000000000001 -2.7637999999999998 -1.3664000000000001 -1.8859999999999999 -0.59230000000000005 -0.59230000000000005 -0.59230000000000005 0 0.29330000000000001 -0.27010000000000001 -1.3664000000000001 2.6259000000000001 1.3606 2.2370000000000001 -0.27010000000000001 -2.4849999999999999 2.1128 -2.4849999999999999 0.94810000000000005 2.1128 -1.1384000000000001 -0.94120000000000004 2.2370000000000001 -1.1384000000000001 -1.1384000000000001 0 1.3606 -0.59230000000000005 0 1.1377999999999999 2.8666 -1.1384000000000001 -0.27010000000000001 -0.27010000000000001 2.1128 -2.7637999999999998 -2.4849999999999999 -0.27010000000000001 2.1128 0.62690000000000001 -0.94120000000000004 1.9628000000000001 -0.94120000000000004 -1.8973 -1.8973 2.2370000000000001 -0.27010000000000001 2.8666 -1.8973 2.1128 -2.7637999999999998 1.9628000000000001 -0.94120000000000004 1.3606 1.9628000000000001 1.9628000000000001 1.1377999999999999 -2.9369000000000001 -1.8859999999999999 2.6259000000000001 1.3606 -1.8973 -2.7637999999999998 0 -0.94120000000000004 -0.59230000000000005 2.1128 2.2370000000000001 -0.59230000000000005 -0.94120000000000004 2.2370000000000001 1.1377999999999999 2.1128 -0.27010000000000001 -1.8859999999999999 0 0.62690000000000001 2.8666 1.3606 0.29330000000000001 -1.1384000000000001 0.62690000000000001 2.1128 2.1128 1.3606 -1.8973 -2.4849999999999999 0.29330000000000001 0.62690000000000001 -2.4849999999999999 -0.94120000000000004 1.3606 -2.7637999999999998 -2.7637999999999998 2.8666 -0.59230000000000005 -2.7637999999999998 -1.8859999999999999 -0.27010000000000001 1.3606 -2.9369000000000001 1.1377999999999999 1.1377999999999999 1.9628000000000001 0.94810000000000005 2.6259000000000001 -0.27010000000000001 -2.9369000000000001 -1.3664000000000001 2.6259000000000001 1.3606 -2.9369000000000001 2.8666 1.9628000000000001 -0.94120000000000004 -2.9369000000000001 0.94810000000000005 -0.59230000000000005 1.3606 -1.8973 -2.4849999999999999 -1.8973 0.94810000000000005 0.62690000000000001 -1.3664000000000001 1.3606 -1.8859999999999999 -0.94120000000000004 -1.8859999999999999 -0.59230000000000005 0.94810000000000005 -2.4849999999999999 -2.7637999999999998 0.29330000000000001 2.8666 -1.8973 1.1377999999999999 -0.94120000000000004 0.29330000000000001 -2.9369000000000001 -0.94120000000000004 -2.9369000000000001 2.6259000000000001 -0.59230000000000005 2.1128 -2.9369000000000001 0.94810000000000005 2.8666 -2.4849999999999999 2.6259000000000001 -1.1384000000000001 2.8666 -2.9369000000000001 0 -0.94120000000000004 -1.1384000000000001 -0.59230000000000005 -2.4849999999999999 0.29330000000000001 -0.94120000000000004 2.1128 -1.1384000000000001 -1.3664000000000001 0 0.29330000000000001 2.6259000000000001 -0.27010000000000001 -2.7637999999999998 -1.1384000000000001 2.6259000000000001 2.8666 -1.1384000000000001 0.62690000000000001 -0.27010000000000001 -0.59230000000000005 -0.27010000000000001 -1.1384000000000001 2.8666 -0.94120000000000004 -0.27010000000000001 -1.8973 2.6259000000000001 -0.94120000000000004 0.62690000000000001 1.9628000000000001 1.9628000000000001 -1.1384000000000001 1.9628000000000001 -2.9369000000000001 0.62690000000000001 2.8666 -2.4849999999999999 -2.7637999999999998 -0.27010000000000001 0.94810000000000005 0 -2.4849999999999999 -0.94120000000000004 -1.1384000000000001 -0.59230000000000005 1.3606 1.3606 1.1377999999999999 0 1.3606 1.1377999999999999 1.1377999999999999 0 -1.3664000000000001 -1.8859999999999999 -0.27010000000000001 2.1128 -1.1384000000000001 1.1377999999999999 1.1377999999999999 2.2370000000000001 1.9628000000000001 -1.3664000000000001 0.29330000000000001 -1.8973 1.9628000000000001 -2.9369000000000001 -1.1384000000000001 2.1128 -2.7637999999999998 0 2.1128 -0.94120000000000004 2.8666 -1.8859999999999999 0.94810000000000005 -2.7637999999999998 -1.3664000000000001 -1.3664000000000001 0.94810000000000005 -1.8859999999999999 2.8666 2.6259000000000001 2.2370000000000001 -2.4849999999999999 -2.4849999999999999 0.62690000000000001 -1.3664000000000001 -1.8859999999999999 1.3606 -1.3664000000000001 2.6259000000000001 -2.9369000000000001 2.8666 0.94810000000000005 1.1377999999999999 0.62690000000000001 2.2370000000000001 -0.59230000000000005 0.29330000000000001 -2.9369000000000001 -2.7637999999999998 -1.8859999999999999 -2.9369000000000001 -1.3664000000000001 1.1377999999999999 1.1377999999999999 0 0.94810000000000005 2.6259000000000001 -2.9369000000000001 -0.59230000000000005 0 2.2370000000000001 -0.27010000000000001 1.9628000000000001
 -2.7761 -1.3962000000000001 0 -1.9031 1.7444999999999999 0.3226 2.8027000000000002 -0.88419999999999999 0.55110000000000003 -2.2170999999999998 -3.0484 -1.9031 2.0432999999999999 -3.0484 -0.2792 1.7444999999999999 -1.3024 -0.2792 -2.2170999999999998 2.0432999999999999 -0.2792 -1.9031 2.8027000000000002 -3.0484 0 -3.0484 -3.0484 -1.3962000000000001 -0.2792 1.7444999999999999 0.55110000000000003 -0.88419999999999999 -0.2792 1.7444999999999999 -2.7761 -2.2170999999999998 0.55110000000000003 2.8027000000000002 -0.88419999999999999 0.3226 1.2464 -1.7930999999999999 -1.3962000000000001 -2.2170999999999998 -0.2792 0.3226 1.4013 -0.2792 1.2464 2.9243000000000001 2.0432999999999999 -1.9031 -2.2170999999999998 -1.3024 -0.2792 0 -0.88419999999999999 2.8027000000000002 -1.3024 2.3239999999999998 1.2464 -2.2170999999999998 0.55110000000000003 2.9243000000000001 -1.7930999999999999 -3.0484 0.3226 -2.7761 1.7444999999999999 1.7444999999999999 -0.58850000000000002 -1.7930999999999999 -1.3024 0.86990000000000001 2.9243000000000001 -3.0484 -2.7761 -2.7761 0.55110000000000003 1.7444999999999999 -2.2170999999999998 -1.9031 2.0432999999999999 -1.7930999999999999 -1.3024 0.86990000000000001 2.0432999999999999 2.3239999999999998 2.3239999999999998 -1.7930999999999999 0.86990000000000001 2.0432999999999999 -1.3962000000000001 -1.3024 -2.2170999999999998 2.9243000000000001 -2.7761 0 -2.7761 -1.3962000000000001 -1.9031 1.4013 -3.0484 2.0432999999999999 1.7444999999999999 -1.7930999999999999 -1.3962000000000001 -1.3962000000000001 2.9243000000000001 0.3226 -2.2170999999999998 -0.58850000000000002 2.3239999999999998 0.3226 0.86990000000000001 -3.0484 -3.0484 -1.7930999999999999 -1.9031 2.9243000000000001 2.9243000000000001 2.3239999999999998 -0.2792 2.0432999999999999 -0.58850000000000002 0 1.4013 0.55110000000000003 1.4013 -1.3024 0.86990000000000001 2.8027000000000002 -1.3962000000000001 -0.2792 -0.88419999999999999 -0.88419999999999999 -2.7761 1.4013 1.2464 -1.3024 0.86990000000000001 -1.7930999999999999 0.86990000000000001 0.3226 -1.7930999999999999 2.9243000000000001 -3.0484 -1.9031 -0.58850000000000002 1.7444999999999999 -0.88419999999999999 -1.3962000000000001 1.7444999999999999 1.2464 -3.0484 0.3226 0.86990000000000001 1.4013 -0.88419999999999999 2.8027000000000002 0 -2.2170999999999998 2.9243000000000001 -0.2792 2.8027000000000002 -0.88419999999999999 -1.3962000000000001 1.7444999999999999 -0.58850000000000002 0.3226 -2.2170999999999998 2.3239999999999998 -3.0484 1.2464 2.8027000000000002 -1.3024 -1.7930999999999999 1.7444999999999999 2.0432999999999999 0.3226 0.3226 2.8027000000000002 -0.2792 -1.7930999999999999 -1.9031 0.86990000000000001 -0.58850000000000002 -3.0484 -3.0484 2.9243000000000001 0.55110000000000003 2.0432999999999999 2.9243000000000001 -1.3962000000000001 -1.3024 -0.2792 -1.7930999999999999 2.9243000000000001 2.9243000000000001 -0.88419999999999999 0.86990000000000001 2.3239999999999998 -0.58850000000000002 -0.2792 1.2464 2.8027000000000002 -0.88419999999999999 -1.7930999999999999 -2.2170999999999998 -1.3024 0.86990000000000001 0.55110000000000003 0.55110000000000003 -2.2170999999999998 0.3226 2.3239999999999998 -0.88419999999999999 -1.7930999999999999 -0.2792 2.8027000000000002 -0.58850000000000002 0 0 2.9243000000000001 1.2464 1.7444999999999999 -1.3962000000000001 1.4013 2.3239999999999998 0 -0.88419999999999999 -3.0484 -1.3024 0 -1.3024 -0.58850000000000002 2.0432999999999999 -1.3024 -2.7761 -1.7930999999999999 0 0.86990000000000001 1.7444999999999999 2.9243000000000001 -0.58850000000000002 2.0432999999999999 1.2464 1.2464 -1.9031 2.8027000000000002 -1.7930999999999999 1.7444999999999999 -0.88419999999999999 -3.0484 -0.58850000000000002 1.2464 2.9243000000000001 0.3226 -1.3962000000000001 0 -0.58850000000000002 -1.3024 -1.3962000000000001 1.4013 0.3226 -1.9031 1.2464 0.86990000000000001 2.3239999999999998 1.2464 -2.2170999999999998 -1.3024 1.2464 -1.7930999999999999 2.9243000000000001 -2.7761 1.7444999999999999 -1.3024 1.4013 -1.9031 -2.2170999999999998 -0.2792 -0.2792 2.8027000000000002 2.9243000000000001 -1.3962000000000001 -1.9031 -2.2170999999999998 0.86990000000000001 -0.58850000000000002 1.2464 2.3239999999999998 0 -0.58850000000000002 2.3239999999999998 1.4013 -1.3024 2.3239999999999998 -2.2170999999999998 -1.3962000000000001 -0.88419999999999999 1.4013 0.86990000000000001 -2.7761 -1.3024 2.0432999999999999 -0.2792 2.8027000000000002 -1.3962000000000001 -1.7930999999999999 -3.0484 0.86990000000000001 -0.88419999999999999 2.3239999999999998 2.3239999999999998 0.55110000000000003 0.55110000000000003 -0.88419999999999999 2.3239999999999998 2.0432999999999999 -1.9031 0.55110000000000003 2.3239999999999998 0.55110000000000003 1.4013 -0.88419999999999999 0.3226 -1.3962000000000001 0 -1.9031 0 1.4013 0 1.4013 1.4013 2.3239999999999998 2.0432999999999999 -1.9031 1.2464 -3.0484 -2.2170999999999998 -2.2170999999999998 0.55110000000000003 -1.3962000000000001 -0.2792 0.86990000000000001 -0.2792 2.9243000000000001 1.2464 0.55110000000000003 0.86990000000000001 1.2464 -2.2170999999999998 -1.7930999999999999 2.9243000000000001 1.4013 2.0432999999999999 0.86990000000000001 2.8027000000000002 -1.9031 0 -1.9031 0.55110000000000003 1.4013 2.3239999999999998 0.3226 2.0432999999999999 -0.88419999999999999 2.8027000000000002 0.86990000000000001 0 2.8027000000000002 0.55110000000000003 -0.58850000000000002 -1.3962000000000001 -1.9031 1.7444999999999999 -0.88419999999999999 -1.9031 0 -2.7761 0.3226 -2.7761 -1.7930999999999999 0.3226 2.8027000000000002 -1.3024 -1.3024 2.9243000000000001 0.55110000000000003 -0.58850000000000002 -0.88419999999999999 -0.58850000000000002 -2.7761 -2.2170999999999998 -3.0484 0.86990000000000001 -2.7761 -0.58850000000000002 2.0432999999999999 -1.7930999999999999 0.3226 0.55110000000000003 1.2464 -0.58850000000000002 1.7444999999999999 2.3239999999999998 1.4013 -2.7761 -0.58850000000000002 0.55110000000000003 2.8027000000000002 -1.3962000000000001 2.8027000000000002 0.3226 -2.7761 -0.58850000000000002 1.7444999999999999 -2.7761 1.2464 2.0432999999999999 -2.7761 1.2464 0.55110000000000003 1.7444999999999999 0.3226 -3.0484 1.4013 2.0432999999999999 1.7444999999999999 -2.7761 0 2.3239999999999998 2.0432999999999999 -0.2792 0 1.4013 -2.7761 1.4013 2.8027000000000002 -1.9031


# name: outputs
# type: matrix
# rows: 1
# columns: 441
 0.0453 0.0016000000000000001 0.016400000000000001 0.1246 0.0023999999999999998 0.63109999999999999 0.00080000000000000004 0.19239999999999999 0.2036 0 0.0086 0.27379999999999999 0 0.0135 0.15740000000000001 0 0.34539999999999998 0.0080000000000000002 0.076799999999999993 0.0001 0.60940000000000005 0.17180000000000001 0.0045999999999999999 0 0.30940000000000001 0.0011999999999999999 0.012500000000000001 0.29320000000000002 0.51319999999999999 0 0.36430000000000001 0.0012999999999999999 0.17929999999999999 0.6079 0 0.083000000000000004 0.0061000000000000004 0.0161 0.099699999999999997 0.17319999999999999 0.79490000000000005 0 0.30509999999999998 0.043499999999999997 0.022499999999999999 0.66290000000000004 0.023699999999999999 0.24410000000000001 0.023199999999999998 0.00050000000000000001 0.0144 0.1041 0.2205 0.24229999999999999 0.12740000000000001 0.17560000000000001 0.029000000000000001 0.031199999999999999 0.18010000000000001 0.00059999999999999995 0.3518 0.016500000000000001 0.074700000000000003 0 0.0022000000000000001 0.0033999999999999998 0.0117 0 0.46889999999999998 0.059200000000000003 0.0020999999999999999 0.3362 0.57199999999999995 0.39560000000000001 0.0011000000000000001 0 0 0.038800000000000001 0.0178 0.62139999999999995 0.046300000000000001 0.0135 0.30790000000000001 0.040500000000000001 0.93130000000000002 0.002 0.0012999999999999999 0.0016999999999999999 0 0.14080000000000001 0.091399999999999995 0.2848 0.027099999999999999 0.070400000000000004 0.20399999999999999 0.0258 0 0.318 0 0.021499999999999998 0 0.0001 0.00020000000000000001 0.021899999999999999 0.0001 0.00029999999999999997 0.2601 0.060100000000000001 0.0019 0.068199999999999997 0.1313 0.074200000000000002 0.029700000000000001 0.073899999999999993 0.90249999999999997 0.0028 0.0063 0 0.00020000000000000001 0.0118 0.00020000000000000001 0.012800000000000001 0.22559999999999999 0 0.1855 0.31419999999999998 0.064000000000000001 0.0276 0.001 0.00059999999999999995 0.88780000000000003 0.012999999999999999 0.0018 0.085300000000000001 0.0121 0.85860000000000003 0.017999999999999999 0.39129999999999998 0.1918 0.0023999999999999998 0.056099999999999997 0.20549999999999999 0.0067999999999999996 0.20910000000000001 0.00029999999999999997 0.0118 0.00050000000000000001 0.00020000000000000001 0.51700000000000002 0.27760000000000001 0.40300000000000002 0.16800000000000001 0.0129 0.5383 0.0141 0.28089999999999998 0.21879999999999999 0.0109 0.62029999999999996 0.00040000000000000002 0.3805 0.23430000000000001 0.02 0.38619999999999999 0 0.012500000000000001 0.79249999999999998 0.024400000000000002 0.75600000000000001 0.038399999999999997 0.00089999999999999998 0.0073000000000000001 0.0001 0.46550000000000002 0.034599999999999999 0.070000000000000007 0.0402 0.1983 0.061199999999999997 0.39979999999999999 0.55379999999999996 0 0.51380000000000003 0.1086 0.094899999999999998 0.1113 0.24060000000000001 0 0.016199999999999999 0 0.83679999999999999 0.31609999999999999 0 0.013100000000000001 0.0135 0.2828 0.45729999999999998 0.0195 0.0091999999999999998 1.0552999999999999 0.001 0.1699 0.22600000000000001 0.2281 0.0018 0.0018 0.0033 0.1134 0.063600000000000004 0.82609999999999995 0.95340000000000003 0.033099999999999997 0.88119999999999998 0.0001 0.29670000000000002 0 0.21379999999999999 0.015699999999999999 0.095799999999999996 0 0.0037000000000000002 0.13420000000000001 0.38279999999999997 0.0001 0.0025999999999999999 0.00029999999999999997 0.88749999999999996 0.021399999999999999 0.078600000000000003 0.0241 0.79500000000000004 0 0.00020000000000000001 0.28739999999999999 0.025399999999999999 0.12429999999999999 0.0001 0.1993 0.0033999999999999998 0.0115 0.085199999999999998 0.042700000000000002 0.00020000000000000001 0.013599999999999999 0.039399999999999998 0.1321 0.073800000000000004 0.00020000000000000001 0.40429999999999999 0.0067000000000000002 0.0054999999999999997 0.044999999999999998 0.27410000000000001 0.0040000000000000001 0.70530000000000004 0.45300000000000001 0.0027000000000000001 0.2394 0.72170000000000001 0.039199999999999999 0.1072 0.87549999999999994 0.0001 0.0344 0.0058999999999999999 0.0344 0.046100000000000002 0.48039999999999999 0.092700000000000005 0.0088999999999999999 0 0.84379999999999999 0.017500000000000002 0.21490000000000001 0.00050000000000000001 0.0030000000000000001 0.36049999999999999 0.0001 0.79610000000000003 0.029100000000000001 0.18490000000000001 0.0047000000000000002 0.018700000000000001 0 0.024199999999999999 0.0001 0.45500000000000002 0.017600000000000001 0.032099999999999997 0.034299999999999997 0.096299999999999997 0.079100000000000004 0.40350000000000003 0.78759999999999997 0.1656 0.0058999999999999999 0.0027000000000000001 0.1893 0.0001 0.075300000000000006 0.95979999999999999 0.0998 0.044600000000000001 0.024400000000000002 0.026499999999999999 0.15989999999999999 0.52990000000000004 0.036900000000000002 0.56310000000000004 0 0.00029999999999999997 0.0241 0.073999999999999996 0.1323 0 0.0178 0.1188 0.028500000000000001 0.0178 0 0.0050000000000000001 0.0028999999999999998 0.0043 0.30659999999999998 0.85360000000000003 0.036400000000000002 0.51919999999999999 0.00040000000000000002 0.28960000000000002 0.0109 0.1009 0.90669999999999995 0.31569999999999998 0.3392 0.17219999999999999 0 0.21310000000000001 0 0.88890000000000002 0.0011999999999999999 0.0064999999999999997 0.0025000000000000001 0.13439999999999999 0.18940000000000001 0.22950000000000001 0.54320000000000002 0.189 0 0.88239999999999996 0.45229999999999998 0.48139999999999999 0.00050000000000000001 0.0055999999999999999 0.43990000000000001 0 0.0012999999999999999 0.33679999999999999 0.012200000000000001 0.00089999999999999998 0.37840000000000001 0.0124 0 0.035499999999999997 0.45619999999999999 0.0041000000000000003 0.27039999999999997 0.034700000000000002 0.050799999999999998 0.040399999999999998 0.90039999999999998 0.33760000000000001 0.00020000000000000001 0.094299999999999995 0.36180000000000001 0.7298 0.4294 0.0064000000000000003 0.39579999999999999 0.0018 0.15210000000000001 0.0085000000000000006 0.053499999999999999 0.00040000000000000002 0.57320000000000004 0.1699 0 0.34470000000000001 0.0070000000000000001 0.0044000000000000003 0.38479999999999998 0.31409999999999999 0.00069999999999999999 0.0872 0.0121 0 0.0055999999999999999 0.0086 0.001 0.026499999999999999 0.14829999999999999 0.53549999999999998 0.026700000000000002 0.76790000000000003 0.86329999999999996 0.83340000000000003 0.2661 0 0.00020000000000000001 0.0085000000000000006 0.0080000000000000002 0.084099999999999994 0.0025999999999999999 0.0058999999999999999 0.0183 0.1628 0.00020000000000000001 0.056599999999999998 0.0126 0.0011999999999999999 0.027300000000000001 0.0038999999999999998 0.040399999999999998 0.0012999999999999999 0.67869999999999997 0.11609999999999999 0.014200000000000001 0 0.36940000000000001 0.0077999999999999996 0.47589999999999999 0.042599999999999999 0.34350000000000003 0.058200000000000002 0.0077000000000000002 0.039300000000000002 0.0080000000000000002 0.67930000000000001 0.0155 0.00080000000000000004 0.020899999999999998 0.16470000000000001


# name: eta
# type: scalar
5


# name: epsilon
# type: scalar
0.001


# name: process_type
# type: scalar
0


# name: variable_eta_flag
# type: bool
0


# name: variable_eta
# type: function handle
@<anonymous>
@(x) ((x > v_eta_min_value) * (x - v_eta_decrease_amount) + (x <= v_eta_min_value) * (v_eta_min_value))
# length: 2
# name: v_eta_decrease_amount
# type: scalar
1.9999999999999999e-06


# name: v_eta_min_value
# type: scalar
0.001




# name: activationFunction
# type: function handle
@<anonymous>
@(x) (1 / (1 + exp (-x)))






# name: momentum
# type: scalar
0


# name: W
# type: cell
# rows: 1
# columns: 2
# name: <cell-element>
# type: matrix
# rows: 50
# columns: 3
 7.008526567733683 0.037555561379760016 -4.2021372444730334
 3.0930795592646634 -0.79358422185692645 0.23198869138811479
 2.9426667550952152 0.49640899575860997 0.91611245813928632
 -9.6132239135496658 -3.7620056811638549 1.7332268206186965
 3.0299678876483154 -0.69387644950190275 0.26684105125883106
 3.0221483061750711 1.0262181024894803 1.1509251277844517
 3.1025874380885243 -0.75549597232435139 0.2798867249515764
 2.9203979770678954 -0.20094225666774981 0.52940062784884512
 2.9300843635515328 -0.47347913679340486 0.34983575096938779
 3.2335875417436362 1.3818922276344801 1.3320203450116581
 2.8826807702357264 -0.12349506989631584 0.55108824369915321
 2.8889297143847488 -0.44927904870696656 0.3170472258636311
 2.6123291040154206 -1.5745733383024902 2.9669371485739915
 2.921925883286467 -0.49171056137008462 0.32582916473413648
 2.848656270953748 -0.41705580633930983 0.27803506649624615
 2.9693140070278612 -0.52493468453490688 0.34723470152310282
 2.9830393354096674 -0.64724031287834272 0.26011788409762193
 2.1539559953462222 3.7479832916513502 3.2637667061640956
 2.908732547270156 -0.51500527334898716 0.29019187173018668
 2.9023187576401432 -0.39926253952656632 0.3782592817455579
 2.9295004777703326 -0.49036102279930632 0.33565798170652916
 5.9259099485582771 1.7962260073150105 5.3104602115349842
 2.9164081382395817 -0.071073308388551526 0.60606670298290422
 2.9054402301329274 -0.27476491259657698 0.46835311837868998
 2.8910119933400003 -0.20806934566150334 0.50145996400667392
 2.9415333436906432 -0.43929084478470604 0.38606655752400609
 3.147745780200589 1.2455704312120912 1.2594912865654615
 2.8822479504464904 -0.22186222330233868 0.48617335083865848
 2.888348417974516 -0.23555104172449878 0.48201267003899895
 2.8663281390136586 0.1252505635058821 0.69378432485365815
 3.6311723812344439 2.0970267947802448 1.3109663766224837
 2.9534759237528148 -0.52129155152046991 0.335475092902217
 2.9136278569838132 -0.38176652964108665 0.40272357896207062
 2.8802400115889113 0.36759494741751619 0.83295806237700176
 2.9114533723689271 0.35495289381123502 0.83755926419352478
 2.9228885711947568 0.042349823308456346 0.67511454953786321
 7.4687290795764296 -4.0385588977724858 0.84474435668015224
 4.9446763296992691 -0.75404453940805172 -2.1663746942888022
 2.9161936412137801 -0.46117868276992413 0.34466228348747646
 2.8824418900526374 -0.32838739183719734 0.41141431324232824
 4.6381522698217772 -2.6586089901695868 -0.99766803320771946
 2.7979257869162679 3.6150792314456073 -2.2379508589317192
 2.9421613746025055 -0.48125944119715691 0.3557313863564282
 3.0166537107166871 -0.65520843014531471 0.2867659130787687
 2.9778454084594457 0.57507615477699425 0.95544871391783559
 2.8356921934108228 -0.45591435807968317 0.18503747369743395
 2.9141662966235233 -0.27827181101959958 0.47357597000409923
 2.9012364360653158 -0.35980656882748135 0.40444144323578424
 2.8770013763031121 0.25271122196996254 0.77177492232374534
 2.5672358186462625 -2.8113155897631481 -3.4800541072428772



# name: <cell-element>
# type: matrix
# rows: 1
# columns: 51
 2.3884646761789501 -2.6398995492064494 -0.57304939624602214 -0.67276804683409919 2.2137297541400383 -0.50632575597277318 -1.044250270209734 -0.5709496047909064 -0.40647206662385948 -0.39706727294243616 -1.42646484565548 -0.38938672813108188 -0.35351148379378478 5.4591151696424989 -0.3917709590802973 -0.30940406415866722 -0.44247115605642623 -0.45802878964144916 -1.6846407397108121 -0.38361347779545724 -0.37202089928716858 -0.39912520022836617 -1.2620924529354416 -0.42812111826974619 -0.38767088450242299 -0.38278846067363426 -0.41246233017879635 -1.2897916311172399 -0.3723335631082989 -0.37542168487019445 -0.44918453116601392 -1.9233937635545064 -0.42697412186150402 -0.38500212391566146 -0.56355271379718974 -0.58039227905327195 -0.46499396915068897 -2.9926986788464331 -3.1111998030340215 -0.39034160637734849 -0.36274731186949838 -2.3375307854907654 3.6338630161546899 -0.41336861202472852 -0.49463589185843621 -0.74441217312928565 -0.28675319940732263 -0.39390768487657085 -0.38271294291421276 -0.50806763002327837 -1.0455597954382592





# name: errors
# type: matrix
# rows: 178
# columns: 1
 0.08765597467888854
 0.087308581345996866
 0.087201564217256847
 0.088724270746501827
 0.087286421783636201
 0.087329897300274822
 0.087321658842470451
 0.087301905092970949
 0.087160175364874679
 0.094824343689706214
 0.091527233989446677
 0.087324073624677437
 0.087314110766859493
 0.087291734697622914
 0.087183022379288364
 0.085670336654143114
 0.087251794089318171
 0.088016659969432198
 0.089536255184885671
 0.08518331268695227
 0.078671726916065499
 0.075371793444899471
 0.062435171827457572
 0.058175980072492424
 0.046476770942402164
 0.041200009724724755
 0.034152025785022765
 0.035043957605890332
 0.025770615327351049
 0.020399932186051649
 0.017523812583965143
 0.017694532974728779
 0.016088165568891394
 0.014265214111549121
 0.01338510675606438
 0.012485557024435663
 0.012170510779193847
 0.011744583716640179
 0.01041386549031632
 0.0099524296237219322
 0.0096427701210812927
 0.010567399641323779
 0.0092121896813682179
 0.0080219345703715118
 0.0090546100912276724
 0.008033583055711566
 0.0077666534251994539
 0.0076401827149957854
 0.0072418051540272229
 0.0071919790604049851
 0.0069749374539677866
 0.006786403420405109
 0.0068033889076910886
 0.0064825522163348475
 0.0066342095573892479
 0.0062316174024633943
 0.0063694822952628152
 0.0060110062040932642
 0.0056546386711389058
 0.0049951280473006813
 0.004909147220582423
 0.0044439625403756931
 0.0042771090897597468
 0.0040777385024300464
 0.0039732713356024291
 0.0038974862506821863
 0.0037954696556283924
 0.0036708820868937109
 0.0035412448598702052
 0.0034128518538386042
 0.0032856194644246034
 0.0031595150804129184
 0.0030360664185508286
 0.0029176970693950348
 0.0028074234553120796
 0.002708230822437149
 0.0026220204465891503
 0.002549039655901596
 0.0024880877873416332
 0.0024371396466295447
 0.0023939385424928362
 0.0023563284943953966
 0.0023223175228476675
 0.0022899925834349217
 0.0022574621714980666
 0.0022229898616004094
 0.0021853453082278274
 0.0021441593886484295
 0.002099977360263718
 0.0020539479830025513
 0.0020073908474860921
 0.0019614881250598075
 0.0019171518318737972
 0.0018750001189422637
 0.0018353813248017912
 0.0017984193380364587
 0.001764069321754973
 0.0017321746077370243
 0.0017025165312534824
 0.0016748524463282195
 0.0016489411124232191
 0.0016245572192276705
 0.0016014977678700023
 0.001579583014184361
 0.0015586543803196916
 0.001538571428729174
 0.0015192095747665307
 0.0015004595274044153
 0.0014822285381912868
 0.0014644426986557386
 0.0014470490829470003
 0.0014300166112180565
 0.0014133349808792505
 0.0013970116191141131
 0.0013810671209713993
 0.0013655299298722156
 0.0013504310725513189
 0.0013357996266765769
 0.0013216593556890628
 0.001308026673536025
 0.001294909866847555
 0.0012823093412895558
 0.0012702185818396817
 0.0012586255120658957
 0.0012475139826382926
 0.0012368651897730093
 0.0012266588995188434
 0.0012168744198222752
 0.0012074913121068781
 0.0011984898662409805
 0.0011898513794417814
 0.0011815582847734504
 0.0011735941725620042
 0.001165943741753868
 0.0011585927105002959
 0.0011515277076302875
 0.0011447361600097968
 0.0011382061853990959
 0.0011319264963305809
 0.0011258863175970873
 0.001120075317962506
 0.0011144835554675026
 0.00110910143500887
 0.0011039196765553309
 0.001098929292293979
 0.00109412157108074
 0.0010894880687241199
 0.0010850206028162951
 0.0010807112510107992
 0.0010765523518155877
 0.0010725365071176292
 0.0010686565857806363
 0.0010649057277631109
 0.0010612773482935897
 0.0010577651417183779
 0.0010543630847067379
 0.0010510654385627333
 0.0010478667504524081
 0.0010447618534107617
 0.0010417458650451917
 0.0010388141848997343
 0.0010359624904873867
 0.00103318673203571
 0.0010304831260223777
 0.0010278481476031964
 0.0010252785220543903
 0.001022771215364581
 0.0010203234241195041
 0.0010179325648253181
 0.0010155962628144925
 0.0010133123408729611
 0.0010110788077185519
 0.0010088938464502585
 0.0010067558030754686
 0.0010046631752093065
 0.0010026146010266774
 0.0010006088485340846
 0.00099864480521566078


# name: epochs
# type: scalar
178




