# Created by Octave 5.1.0, Sun May 12 22:04:02 2019 -03 <martin@MacBook-Pro-de-Martin.local>
# name: P
# type: global scalar struct
# ndims: 2
 1 1
# length: 14
# name: hiddenLayers
# type: scalar
50


# name: inputs
# type: matrix
# rows: 2
# columns: 441
 0.94810000000000005 -1.8859999999999999 -2.7637999999999998 2.1128 1.3606 -1.1384000000000001 0.94810000000000005 2.2370000000000001 0.29330000000000001 -2.4849999999999999 0.29330000000000001 0.29330000000000001 2.8666 0.62690000000000001 -1.3664000000000001 2.6259000000000001 0 -2.7637999999999998 0 1.9628000000000001 0.94810000000000005 0 -2.4849999999999999 -1.8859999999999999 -0.59230000000000005 -0.59230000000000005 1.3606 0 0.62690000000000001 2.8666 -1.8859999999999999 -2.7637999999999998 2.1128 -1.1384000000000001 -2.7637999999999998 1.9628000000000001 2.6259000000000001 -1.8973 -0.59230000000000005 0.94810000000000005 -0.59230000000000005 -2.4849999999999999 1.9628000000000001 -0.27010000000000001 -2.4849999999999999 -0.94120000000000004 0.94810000000000005 1.9628000000000001 -2.9369000000000001 -2.9369000000000001 -2.7637999999999998 2.2370000000000001 1.1377999999999999 2.1128 2.2370000000000001 -1.8973 -1.3664000000000001 -1.3664000000000001 -0.27010000000000001 1.3606 0 2.6259000000000001 1.3606 2.6259000000000001 -1.3664000000000001 2.2370000000000001 2.6259000000000001 -1.8973 -0.59230000000000005 -2.4849999999999999 -2.9369000000000001 0.29330000000000001 0.29330000000000001 0 -2.7637999999999998 -2.9369000000000001 -1.8859999999999999 1.3606 2.2370000000000001 -0.94120000000000004 2.2370000000000001 2.8666 -0.59230000000000005 2.6259000000000001 0.94810000000000005 2.6259000000000001 1.3606 1.1377999999999999 1.9628000000000001 2.1128 0.62690000000000001 -1.3664000000000001 2.8666 2.6259000000000001 0.62690000000000001 -1.1384000000000001 -2.9369000000000001 0.62690000000000001 -2.4849999999999999 -0.94120000000000004 -2.9369000000000001 2.8666 -1.1384000000000001 0.62690000000000001 2.2370000000000001 -1.8859999999999999 2.1128 2.6259000000000001 0.62690000000000001 1.9628000000000001 0.29330000000000001 -1.3664000000000001 0.29330000000000001 -2.4849999999999999 -1.3664000000000001 -0.27010000000000001 1.9628000000000001 -2.7637999999999998 -1.8859999999999999 -1.8973 1.1377999999999999 0.62690000000000001 -0.94120000000000004 2.2370000000000001 2.2370000000000001 -0.27010000000000001 0.62690000000000001 2.1128 2.1128 -2.4849999999999999 -1.1384000000000001 0 -1.8973 -1.8859999999999999 -1.8973 0.62690000000000001 1.9628000000000001 -1.8973 0.29330000000000001 -1.8973 0.94810000000000005 0 2.2370000000000001 0.62690000000000001 -1.8973 -1.8859999999999999 2.8666 -1.8973 0.29330000000000001 -1.8973 1.9628000000000001 2.2370000000000001 0.94810000000000005 -0.27010000000000001 1.1377999999999999 -1.8859999999999999 0.29330000000000001 1.1377999999999999 0.29330000000000001 1.1377999999999999 -1.1384000000000001 0.94810000000000005 -1.3664000000000001 0.29330000000000001 2.8666 -1.8859999999999999 0.94810000000000005 -2.7637999999999998 1.1377999999999999 2.2370000000000001 -1.3664000000000001 -2.7637999999999998 -1.3664000000000001 -1.8859999999999999 -0.59230000000000005 -0.59230000000000005 -0.59230000000000005 0 0.29330000000000001 -0.27010000000000001 -1.3664000000000001 2.6259000000000001 1.3606 2.2370000000000001 -0.27010000000000001 -2.4849999999999999 2.1128 -2.4849999999999999 0.94810000000000005 2.1128 -1.1384000000000001 -0.94120000000000004 2.2370000000000001 -1.1384000000000001 -1.1384000000000001 0 1.3606 -0.59230000000000005 0 1.1377999999999999 2.8666 -1.1384000000000001 -0.27010000000000001 -0.27010000000000001 2.1128 -2.7637999999999998 -2.4849999999999999 -0.27010000000000001 2.1128 0.62690000000000001 -0.94120000000000004 1.9628000000000001 -0.94120000000000004 -1.8973 -1.8973 2.2370000000000001 -0.27010000000000001 2.8666 -1.8973 2.1128 -2.7637999999999998 1.9628000000000001 -0.94120000000000004 1.3606 1.9628000000000001 1.9628000000000001 1.1377999999999999 -2.9369000000000001 -1.8859999999999999 2.6259000000000001 1.3606 -1.8973 -2.7637999999999998 0 -0.94120000000000004 -0.59230000000000005 2.1128 2.2370000000000001 -0.59230000000000005 -0.94120000000000004 2.2370000000000001 1.1377999999999999 2.1128 -0.27010000000000001 -1.8859999999999999 0 0.62690000000000001 2.8666 1.3606 0.29330000000000001 -1.1384000000000001 0.62690000000000001 2.1128 2.1128 1.3606 -1.8973 -2.4849999999999999 0.29330000000000001 0.62690000000000001 -2.4849999999999999 -0.94120000000000004 1.3606 -2.7637999999999998 -2.7637999999999998 2.8666 -0.59230000000000005 -2.7637999999999998 -1.8859999999999999 -0.27010000000000001 1.3606 -2.9369000000000001 1.1377999999999999 1.1377999999999999 1.9628000000000001 0.94810000000000005 2.6259000000000001 -0.27010000000000001 -2.9369000000000001 -1.3664000000000001 2.6259000000000001 1.3606 -2.9369000000000001 2.8666 1.9628000000000001 -0.94120000000000004 -2.9369000000000001 0.94810000000000005 -0.59230000000000005 1.3606 -1.8973 -2.4849999999999999 -1.8973 0.94810000000000005 0.62690000000000001 -1.3664000000000001 1.3606 -1.8859999999999999 -0.94120000000000004 -1.8859999999999999 -0.59230000000000005 0.94810000000000005 -2.4849999999999999 -2.7637999999999998 0.29330000000000001 2.8666 -1.8973 1.1377999999999999 -0.94120000000000004 0.29330000000000001 -2.9369000000000001 -0.94120000000000004 -2.9369000000000001 2.6259000000000001 -0.59230000000000005 2.1128 -2.9369000000000001 0.94810000000000005 2.8666 -2.4849999999999999 2.6259000000000001 -1.1384000000000001 2.8666 -2.9369000000000001 0 -0.94120000000000004 -1.1384000000000001 -0.59230000000000005 -2.4849999999999999 0.29330000000000001 -0.94120000000000004 2.1128 -1.1384000000000001 -1.3664000000000001 0 0.29330000000000001 2.6259000000000001 -0.27010000000000001 -2.7637999999999998 -1.1384000000000001 2.6259000000000001 2.8666 -1.1384000000000001 0.62690000000000001 -0.27010000000000001 -0.59230000000000005 -0.27010000000000001 -1.1384000000000001 2.8666 -0.94120000000000004 -0.27010000000000001 -1.8973 2.6259000000000001 -0.94120000000000004 0.62690000000000001 1.9628000000000001 1.9628000000000001 -1.1384000000000001 1.9628000000000001 -2.9369000000000001 0.62690000000000001 2.8666 -2.4849999999999999 -2.7637999999999998 -0.27010000000000001 0.94810000000000005 0 -2.4849999999999999 -0.94120000000000004 -1.1384000000000001 -0.59230000000000005 1.3606 1.3606 1.1377999999999999 0 1.3606 1.1377999999999999 1.1377999999999999 0 -1.3664000000000001 -1.8859999999999999 -0.27010000000000001 2.1128 -1.1384000000000001 1.1377999999999999 1.1377999999999999 2.2370000000000001 1.9628000000000001 -1.3664000000000001 0.29330000000000001 -1.8973 1.9628000000000001 -2.9369000000000001 -1.1384000000000001 2.1128 -2.7637999999999998 0 2.1128 -0.94120000000000004 2.8666 -1.8859999999999999 0.94810000000000005 -2.7637999999999998 -1.3664000000000001 -1.3664000000000001 0.94810000000000005 -1.8859999999999999 2.8666 2.6259000000000001 2.2370000000000001 -2.4849999999999999 -2.4849999999999999 0.62690000000000001 -1.3664000000000001 -1.8859999999999999 1.3606 -1.3664000000000001 2.6259000000000001 -2.9369000000000001 2.8666 0.94810000000000005 1.1377999999999999 0.62690000000000001 2.2370000000000001 -0.59230000000000005 0.29330000000000001 -2.9369000000000001 -2.7637999999999998 -1.8859999999999999 -2.9369000000000001 -1.3664000000000001 1.1377999999999999 1.1377999999999999 0 0.94810000000000005 2.6259000000000001 -2.9369000000000001 -0.59230000000000005 0 2.2370000000000001 -0.27010000000000001 1.9628000000000001
 -2.7761 -1.3962000000000001 0 -1.9031 1.7444999999999999 0.3226 2.8027000000000002 -0.88419999999999999 0.55110000000000003 -2.2170999999999998 -3.0484 -1.9031 2.0432999999999999 -3.0484 -0.2792 1.7444999999999999 -1.3024 -0.2792 -2.2170999999999998 2.0432999999999999 -0.2792 -1.9031 2.8027000000000002 -3.0484 0 -3.0484 -3.0484 -1.3962000000000001 -0.2792 1.7444999999999999 0.55110000000000003 -0.88419999999999999 -0.2792 1.7444999999999999 -2.7761 -2.2170999999999998 0.55110000000000003 2.8027000000000002 -0.88419999999999999 0.3226 1.2464 -1.7930999999999999 -1.3962000000000001 -2.2170999999999998 -0.2792 0.3226 1.4013 -0.2792 1.2464 2.9243000000000001 2.0432999999999999 -1.9031 -2.2170999999999998 -1.3024 -0.2792 0 -0.88419999999999999 2.8027000000000002 -1.3024 2.3239999999999998 1.2464 -2.2170999999999998 0.55110000000000003 2.9243000000000001 -1.7930999999999999 -3.0484 0.3226 -2.7761 1.7444999999999999 1.7444999999999999 -0.58850000000000002 -1.7930999999999999 -1.3024 0.86990000000000001 2.9243000000000001 -3.0484 -2.7761 -2.7761 0.55110000000000003 1.7444999999999999 -2.2170999999999998 -1.9031 2.0432999999999999 -1.7930999999999999 -1.3024 0.86990000000000001 2.0432999999999999 2.3239999999999998 2.3239999999999998 -1.7930999999999999 0.86990000000000001 2.0432999999999999 -1.3962000000000001 -1.3024 -2.2170999999999998 2.9243000000000001 -2.7761 0 -2.7761 -1.3962000000000001 -1.9031 1.4013 -3.0484 2.0432999999999999 1.7444999999999999 -1.7930999999999999 -1.3962000000000001 -1.3962000000000001 2.9243000000000001 0.3226 -2.2170999999999998 -0.58850000000000002 2.3239999999999998 0.3226 0.86990000000000001 -3.0484 -3.0484 -1.7930999999999999 -1.9031 2.9243000000000001 2.9243000000000001 2.3239999999999998 -0.2792 2.0432999999999999 -0.58850000000000002 0 1.4013 0.55110000000000003 1.4013 -1.3024 0.86990000000000001 2.8027000000000002 -1.3962000000000001 -0.2792 -0.88419999999999999 -0.88419999999999999 -2.7761 1.4013 1.2464 -1.3024 0.86990000000000001 -1.7930999999999999 0.86990000000000001 0.3226 -1.7930999999999999 2.9243000000000001 -3.0484 -1.9031 -0.58850000000000002 1.7444999999999999 -0.88419999999999999 -1.3962000000000001 1.7444999999999999 1.2464 -3.0484 0.3226 0.86990000000000001 1.4013 -0.88419999999999999 2.8027000000000002 0 -2.2170999999999998 2.9243000000000001 -0.2792 2.8027000000000002 -0.88419999999999999 -1.3962000000000001 1.7444999999999999 -0.58850000000000002 0.3226 -2.2170999999999998 2.3239999999999998 -3.0484 1.2464 2.8027000000000002 -1.3024 -1.7930999999999999 1.7444999999999999 2.0432999999999999 0.3226 0.3226 2.8027000000000002 -0.2792 -1.7930999999999999 -1.9031 0.86990000000000001 -0.58850000000000002 -3.0484 -3.0484 2.9243000000000001 0.55110000000000003 2.0432999999999999 2.9243000000000001 -1.3962000000000001 -1.3024 -0.2792 -1.7930999999999999 2.9243000000000001 2.9243000000000001 -0.88419999999999999 0.86990000000000001 2.3239999999999998 -0.58850000000000002 -0.2792 1.2464 2.8027000000000002 -0.88419999999999999 -1.7930999999999999 -2.2170999999999998 -1.3024 0.86990000000000001 0.55110000000000003 0.55110000000000003 -2.2170999999999998 0.3226 2.3239999999999998 -0.88419999999999999 -1.7930999999999999 -0.2792 2.8027000000000002 -0.58850000000000002 0 0 2.9243000000000001 1.2464 1.7444999999999999 -1.3962000000000001 1.4013 2.3239999999999998 0 -0.88419999999999999 -3.0484 -1.3024 0 -1.3024 -0.58850000000000002 2.0432999999999999 -1.3024 -2.7761 -1.7930999999999999 0 0.86990000000000001 1.7444999999999999 2.9243000000000001 -0.58850000000000002 2.0432999999999999 1.2464 1.2464 -1.9031 2.8027000000000002 -1.7930999999999999 1.7444999999999999 -0.88419999999999999 -3.0484 -0.58850000000000002 1.2464 2.9243000000000001 0.3226 -1.3962000000000001 0 -0.58850000000000002 -1.3024 -1.3962000000000001 1.4013 0.3226 -1.9031 1.2464 0.86990000000000001 2.3239999999999998 1.2464 -2.2170999999999998 -1.3024 1.2464 -1.7930999999999999 2.9243000000000001 -2.7761 1.7444999999999999 -1.3024 1.4013 -1.9031 -2.2170999999999998 -0.2792 -0.2792 2.8027000000000002 2.9243000000000001 -1.3962000000000001 -1.9031 -2.2170999999999998 0.86990000000000001 -0.58850000000000002 1.2464 2.3239999999999998 0 -0.58850000000000002 2.3239999999999998 1.4013 -1.3024 2.3239999999999998 -2.2170999999999998 -1.3962000000000001 -0.88419999999999999 1.4013 0.86990000000000001 -2.7761 -1.3024 2.0432999999999999 -0.2792 2.8027000000000002 -1.3962000000000001 -1.7930999999999999 -3.0484 0.86990000000000001 -0.88419999999999999 2.3239999999999998 2.3239999999999998 0.55110000000000003 0.55110000000000003 -0.88419999999999999 2.3239999999999998 2.0432999999999999 -1.9031 0.55110000000000003 2.3239999999999998 0.55110000000000003 1.4013 -0.88419999999999999 0.3226 -1.3962000000000001 0 -1.9031 0 1.4013 0 1.4013 1.4013 2.3239999999999998 2.0432999999999999 -1.9031 1.2464 -3.0484 -2.2170999999999998 -2.2170999999999998 0.55110000000000003 -1.3962000000000001 -0.2792 0.86990000000000001 -0.2792 2.9243000000000001 1.2464 0.55110000000000003 0.86990000000000001 1.2464 -2.2170999999999998 -1.7930999999999999 2.9243000000000001 1.4013 2.0432999999999999 0.86990000000000001 2.8027000000000002 -1.9031 0 -1.9031 0.55110000000000003 1.4013 2.3239999999999998 0.3226 2.0432999999999999 -0.88419999999999999 2.8027000000000002 0.86990000000000001 0 2.8027000000000002 0.55110000000000003 -0.58850000000000002 -1.3962000000000001 -1.9031 1.7444999999999999 -0.88419999999999999 -1.9031 0 -2.7761 0.3226 -2.7761 -1.7930999999999999 0.3226 2.8027000000000002 -1.3024 -1.3024 2.9243000000000001 0.55110000000000003 -0.58850000000000002 -0.88419999999999999 -0.58850000000000002 -2.7761 -2.2170999999999998 -3.0484 0.86990000000000001 -2.7761 -0.58850000000000002 2.0432999999999999 -1.7930999999999999 0.3226 0.55110000000000003 1.2464 -0.58850000000000002 1.7444999999999999 2.3239999999999998 1.4013 -2.7761 -0.58850000000000002 0.55110000000000003 2.8027000000000002 -1.3962000000000001 2.8027000000000002 0.3226 -2.7761 -0.58850000000000002 1.7444999999999999 -2.7761 1.2464 2.0432999999999999 -2.7761 1.2464 0.55110000000000003 1.7444999999999999 0.3226 -3.0484 1.4013 2.0432999999999999 1.7444999999999999 -2.7761 0 2.3239999999999998 2.0432999999999999 -0.2792 0 1.4013 -2.7761 1.4013 2.8027000000000002 -1.9031


# name: outputs
# type: matrix
# rows: 1
# columns: 441
 0.0453 0.0016000000000000001 0.016400000000000001 0.1246 0.0023999999999999998 0.63109999999999999 0.00080000000000000004 0.19239999999999999 0.2036 0 0.0086 0.27379999999999999 0 0.0135 0.15740000000000001 0 0.34539999999999998 0.0080000000000000002 0.076799999999999993 0.0001 0.60940000000000005 0.17180000000000001 0.0045999999999999999 0 0.30940000000000001 0.0011999999999999999 0.012500000000000001 0.29320000000000002 0.51319999999999999 0 0.36430000000000001 0.0012999999999999999 0.17929999999999999 0.6079 0 0.083000000000000004 0.0061000000000000004 0.0161 0.099699999999999997 0.17319999999999999 0.79490000000000005 0 0.30509999999999998 0.043499999999999997 0.022499999999999999 0.66290000000000004 0.023699999999999999 0.24410000000000001 0.023199999999999998 0.00050000000000000001 0.0144 0.1041 0.2205 0.24229999999999999 0.12740000000000001 0.17560000000000001 0.029000000000000001 0.031199999999999999 0.18010000000000001 0.00059999999999999995 0.3518 0.016500000000000001 0.074700000000000003 0 0.0022000000000000001 0.0033999999999999998 0.0117 0 0.46889999999999998 0.059200000000000003 0.0020999999999999999 0.3362 0.57199999999999995 0.39560000000000001 0.0011000000000000001 0 0 0.038800000000000001 0.0178 0.62139999999999995 0.046300000000000001 0.0135 0.30790000000000001 0.040500000000000001 0.93130000000000002 0.002 0.0012999999999999999 0.0016999999999999999 0 0.14080000000000001 0.091399999999999995 0.2848 0.027099999999999999 0.070400000000000004 0.20399999999999999 0.0258 0 0.318 0 0.021499999999999998 0 0.0001 0.00020000000000000001 0.021899999999999999 0.0001 0.00029999999999999997 0.2601 0.060100000000000001 0.0019 0.068199999999999997 0.1313 0.074200000000000002 0.029700000000000001 0.073899999999999993 0.90249999999999997 0.0028 0.0063 0 0.00020000000000000001 0.0118 0.00020000000000000001 0.012800000000000001 0.22559999999999999 0 0.1855 0.31419999999999998 0.064000000000000001 0.0276 0.001 0.00059999999999999995 0.88780000000000003 0.012999999999999999 0.0018 0.085300000000000001 0.0121 0.85860000000000003 0.017999999999999999 0.39129999999999998 0.1918 0.0023999999999999998 0.056099999999999997 0.20549999999999999 0.0067999999999999996 0.20910000000000001 0.00029999999999999997 0.0118 0.00050000000000000001 0.00020000000000000001 0.51700000000000002 0.27760000000000001 0.40300000000000002 0.16800000000000001 0.0129 0.5383 0.0141 0.28089999999999998 0.21879999999999999 0.0109 0.62029999999999996 0.00040000000000000002 0.3805 0.23430000000000001 0.02 0.38619999999999999 0 0.012500000000000001 0.79249999999999998 0.024400000000000002 0.75600000000000001 0.038399999999999997 0.00089999999999999998 0.0073000000000000001 0.0001 0.46550000000000002 0.034599999999999999 0.070000000000000007 0.0402 0.1983 0.061199999999999997 0.39979999999999999 0.55379999999999996 0 0.51380000000000003 0.1086 0.094899999999999998 0.1113 0.24060000000000001 0 0.016199999999999999 0 0.83679999999999999 0.31609999999999999 0 0.013100000000000001 0.0135 0.2828 0.45729999999999998 0.0195 0.0091999999999999998 1.0552999999999999 0.001 0.1699 0.22600000000000001 0.2281 0.0018 0.0018 0.0033 0.1134 0.063600000000000004 0.82609999999999995 0.95340000000000003 0.033099999999999997 0.88119999999999998 0.0001 0.29670000000000002 0 0.21379999999999999 0.015699999999999999 0.095799999999999996 0 0.0037000000000000002 0.13420000000000001 0.38279999999999997 0.0001 0.0025999999999999999 0.00029999999999999997 0.88749999999999996 0.021399999999999999 0.078600000000000003 0.0241 0.79500000000000004 0 0.00020000000000000001 0.28739999999999999 0.025399999999999999 0.12429999999999999 0.0001 0.1993 0.0033999999999999998 0.0115 0.085199999999999998 0.042700000000000002 0.00020000000000000001 0.013599999999999999 0.039399999999999998 0.1321 0.073800000000000004 0.00020000000000000001 0.40429999999999999 0.0067000000000000002 0.0054999999999999997 0.044999999999999998 0.27410000000000001 0.0040000000000000001 0.70530000000000004 0.45300000000000001 0.0027000000000000001 0.2394 0.72170000000000001 0.039199999999999999 0.1072 0.87549999999999994 0.0001 0.0344 0.0058999999999999999 0.0344 0.046100000000000002 0.48039999999999999 0.092700000000000005 0.0088999999999999999 0 0.84379999999999999 0.017500000000000002 0.21490000000000001 0.00050000000000000001 0.0030000000000000001 0.36049999999999999 0.0001 0.79610000000000003 0.029100000000000001 0.18490000000000001 0.0047000000000000002 0.018700000000000001 0 0.024199999999999999 0.0001 0.45500000000000002 0.017600000000000001 0.032099999999999997 0.034299999999999997 0.096299999999999997 0.079100000000000004 0.40350000000000003 0.78759999999999997 0.1656 0.0058999999999999999 0.0027000000000000001 0.1893 0.0001 0.075300000000000006 0.95979999999999999 0.0998 0.044600000000000001 0.024400000000000002 0.026499999999999999 0.15989999999999999 0.52990000000000004 0.036900000000000002 0.56310000000000004 0 0.00029999999999999997 0.0241 0.073999999999999996 0.1323 0 0.0178 0.1188 0.028500000000000001 0.0178 0 0.0050000000000000001 0.0028999999999999998 0.0043 0.30659999999999998 0.85360000000000003 0.036400000000000002 0.51919999999999999 0.00040000000000000002 0.28960000000000002 0.0109 0.1009 0.90669999999999995 0.31569999999999998 0.3392 0.17219999999999999 0 0.21310000000000001 0 0.88890000000000002 0.0011999999999999999 0.0064999999999999997 0.0025000000000000001 0.13439999999999999 0.18940000000000001 0.22950000000000001 0.54320000000000002 0.189 0 0.88239999999999996 0.45229999999999998 0.48139999999999999 0.00050000000000000001 0.0055999999999999999 0.43990000000000001 0 0.0012999999999999999 0.33679999999999999 0.012200000000000001 0.00089999999999999998 0.37840000000000001 0.0124 0 0.035499999999999997 0.45619999999999999 0.0041000000000000003 0.27039999999999997 0.034700000000000002 0.050799999999999998 0.040399999999999998 0.90039999999999998 0.33760000000000001 0.00020000000000000001 0.094299999999999995 0.36180000000000001 0.7298 0.4294 0.0064000000000000003 0.39579999999999999 0.0018 0.15210000000000001 0.0085000000000000006 0.053499999999999999 0.00040000000000000002 0.57320000000000004 0.1699 0 0.34470000000000001 0.0070000000000000001 0.0044000000000000003 0.38479999999999998 0.31409999999999999 0.00069999999999999999 0.0872 0.0121 0 0.0055999999999999999 0.0086 0.001 0.026499999999999999 0.14829999999999999 0.53549999999999998 0.026700000000000002 0.76790000000000003 0.86329999999999996 0.83340000000000003 0.2661 0 0.00020000000000000001 0.0085000000000000006 0.0080000000000000002 0.084099999999999994 0.0025999999999999999 0.0058999999999999999 0.0183 0.1628 0.00020000000000000001 0.056599999999999998 0.0126 0.0011999999999999999 0.027300000000000001 0.0038999999999999998 0.040399999999999998 0.0012999999999999999 0.67869999999999997 0.11609999999999999 0.014200000000000001 0 0.36940000000000001 0.0077999999999999996 0.47589999999999999 0.042599999999999999 0.34350000000000003 0.058200000000000002 0.0077000000000000002 0.039300000000000002 0.0080000000000000002 0.67930000000000001 0.0155 0.00080000000000000004 0.020899999999999998 0.16470000000000001


# name: eta
# type: scalar
0.029999999999999999


# name: epsilon
# type: scalar
0.001


# name: process_type
# type: scalar
0


# name: variable_eta_flag
# type: bool
0


# name: variable_eta
# type: function handle
@<anonymous>
@(x) ((x > v_eta_min_value) * (x - v_eta_decrease_amount) + (x <= v_eta_min_value) * (v_eta_min_value))
# length: 2
# name: v_eta_decrease_amount
# type: scalar
1.9999999999999999e-06


# name: v_eta_min_value
# type: scalar
0.001




# name: activationFunction
# type: function handle
@<anonymous>
@(x) (tanh (x))


# name: activationFunctionDeriv
# type: function handle
@<anonymous>
@(x) (1 - tanh (x ^ 2))


# name: momentum
# type: scalar
0


# name: W
# type: cell
# rows: 1
# columns: 2
# name: <cell-element>
# type: matrix
# rows: 50
# columns: 3
 0.9163694154250448 -0.54701096416124595 0.44878938443751665
 -0.18282393087779131 -0.089710918738290721 0.079428782462203917
 -0.28516752381123911 -0.37250765760073562 -0.12793409593300784
 -0.6290348756948464 -0.15889657424047668 1.4806153315100925
 0.34134701517948107 -0.480278323255312 -0.57539929805016377
 -0.53124754981530864 -0.17162425182553998 0.56191653449479284
 -0.38773609108533408 0.084318822533802934 0.70440227929179855
 -0.43341544295812046 -0.72594666573326916 -1.0226118760802314
 -0.91693350501447257 0.71979334785717219 -1.2201434603806562
 0.28175966122282975 0.10364108070460674 0.3453312922535543
 -0.3710947250152935 0.16752025798702658 0.3349476806367136
 0.38823878986595761 0.48462450872074875 -0.27372260379760027
 -0.2702138691292616 0.089288385050359992 0.12097023708149683
 -0.36430038977716994 -0.11519256554851096 0.23390716744895385
 -0.51615161731286174 0.50221269248668388 0.83770422124440513
 0.045074504810185462 -0.13679842967480871 -0.75480899393670076
 0.33582744480404125 -0.68308606869952448 -0.0050327554330654948
 0.56810333482406261 0.45373187550275168 -0.36015151466557727
 0.046470437729246888 0.060257827575939678 0.064236259604361176
 0.13480574047151561 -0.28736794642237523 0.067239987576178759
 -0.45282228225322518 -0.53966316693564431 0.22732314254272662
 -0.86381579098182926 -0.75596403132476631 0.13178592067113487
 -0.40624668200642483 -0.05027686467370656 -0.35771265045717654
 -0.5844098107267035 -0.12018530729526411 0.27229516375800433
 -0.033528641770886991 0.062505155714355956 0.084838453652068255
 0.42242372057721123 0.22176963899772315 -0.12306563954517719
 -0.26923590929602048 -0.10310934828478294 0.23724122771807982
 -0.33642520578041279 -0.11043514244596349 0.23430587088081931
 -0.31396005563457757 -0.020058543506607258 -0.047866590347942488
 0.20943972492656551 -0.68839466209860201 -0.0040891610365492983
 -0.48743134652423664 -0.18290373803994489 -0.4431374590115702
 -0.24923973192899629 -0.26625291124996048 -0.1941378467373378
 0.88597043627171812 -1.5399271478179761 0.25813915627475198
 0.10007026802848608 -0.3841705128409606 -0.23596004112722929
 -1.405632705918608 0.13148496010227048 -1.0148893481078718
 0.11028156292213179 0.11953039378376983 0.019350043678036888
 -0.48525592090532693 0.41442193566204205 0.15988232910947195
 -0.33588479021005019 0.18604841866750293 0.091737323906442958
 0.69547290327524358 -1.0412653781576187 -0.97326608271450565
 0.75935540297524651 1.235435572032922 0.76345932402660233
 -0.28046894099359715 0.67758046911259784 0.0052070397999995468
 0.78320387278725667 1.0290710021802076 -0.71089366042340696
 -0.046585994232019708 -0.38941120294816944 -0.38055954229558869
 -0.98916264236191476 -0.40879822660885812 0.59524834209426936
 0.26933234071736983 0.43934845558933561 -0.27678405215201829
 -0.30559364429073077 -0.2231983605061984 0.098192415427171997
 -0.21366180243847499 0.23915740522577902 0.10944749305116611
 -0.36357117625532948 0.29526980683022563 0.27500736877443926
 0.4342638179567897 0.64518654204775383 0.77278040101749068
 0.16950544214359353 -0.3065262238403631 -0.26920379212980527



# name: <cell-element>
# type: matrix
# rows: 1
# columns: 51
 0.055934193472740083 -0.37694635044732649 -0.024074926932056834 -0.20305008556205481 -0.62899462837772724 -0.0016768860413518836 0.027843120114765786 0.26914715330619776 0.30847410587264906 -0.63184125390048063 0.17106444370700546 -0.11664209075973134 -0.25811151560745682 -0.022735377298492093 -0.16083017708713962 0.30163095045151639 -0.39628981229677535 -0.41319997112054024 -0.35335704685422187 -0.02046905368942922 0.13891812661101627 0.31108570663894619 0.3780583995440398 -0.21647424517862107 -0.36820270657392729 -0.020007505834137931 0.1829278403901804 -0.14678730356721315 -0.15131007601753665 0.027739064698586405 -0.27011816994612636 -0.20625083225103674 -0.089053190738634797 0.6117270211107676 0.095716368093403045 0.59865477698810821 0.0035958555450260705 -0.27928358090848082 -0.075871455099927557 -0.38894166908956518 -0.324553721317966 0.55595115330519085 0.81917487460952298 -0.012144648596916111 0.54586895464330054 -0.13358666828333962 -0.12875808407068529 -0.081714660285357482 -0.12573259011863991 -0.21709232079983434 0.06729361562545555





# name: errors
# type: matrix
# rows: 500
# columns: 1
 0.065124590912600214
 0.039978896564463628
 0.034619666044702978
 0.031227968271142482
 0.02867613912946821
 0.026671238539026088
 0.025055884723400822
 0.023724340612175897
 0.02260472036407913
 0.021646974933173559
 0.020814990414182461
 0.020082242981216296
 0.019429392794602297
 0.018842639594073073
 0.018312343575972456
 0.017831812208872595
 0.017396284984580471
 0.017002149197454158
 0.016646386323692759
 0.016326220347108879
 0.016038925108796304
 0.015781745221712391
 0.015551889916502228
 0.015346567450095581
 0.015163036639371744
 0.014998660098933173
 0.014850950195314081
 0.014717603462944092
 0.014596522424216621
 0.014485825700115354
 0.014383848301197856
 0.014289134342854899
 0.014200424378147086
 0.014116639273383585
 0.014036862197015866
 0.013960319934079051
 0.013886364421217523
 0.013814455138952001
 0.013744142798137116
 0.013675054606368519
 0.013606881283565164
 0.013539365901189994
 0.013472294537654025
 0.013405488669533398
 0.013338799154974658
 0.013272101615443833
 0.0132052929886329
 0.013138289011275521
 0.013071022395734263
 0.013003441485806001
 0.012935509210648889
 0.012867202195650181
 0.012798509930242343
 0.012729433930956045
 0.012659986870556885
 0.012590191669500747
 0.012520080563836447
 0.012449694174529635
 0.012379080607835258
 0.01230829461580487
 0.012237396841235751
 0.012166453163215126
 0.0120955341486802
 0.012024714602923823
 0.011954073198686944
 0.011883692150584959
 0.011813656890573234
 0.011744055692599242
 0.011674979192136762
 0.011606519750225839
 0.011538770622532656
 0.011471824911355533
 0.011405774300836169
 0.011340707600239655
 0.011276709143747862
 0.011213857114432173
 0.011152221872228373
 0.011091864369280354
 0.011032834730823947
 0.01097517106706433
 0.010918898563463378
 0.010864028876182872
 0.010810559838772294
 0.010758475467749301
 0.010707746240034498
 0.010658329605068203
 0.010610170689008217
 0.010563203147327284
 0.010517350124716862
 0.0104725252866072
 0.010428633893931902
 0.010385573901124741
 0.010343237065931588
 0.010301510067725492
 0.010260275637969574
 0.010219413711697097
 0.010178802611842976
 0.010138320278530611
 0.010097845552677587
 0.010057259517410506
 0.010016446891926326
 0.0099752974611168384
 0.0099337075114371686
 0.0098915812305575539
 0.0098488320171298896
 0.0098053836396463003
 0.0097611711820237666
 0.0097161417200493701
 0.0096702546882269404
 0.0096234819207095656
 0.0095758073810921357
 0.0095272266302911489
 0.0094777461143148133
 0.0094273823781083135
 0.009376161321451814
 0.0093241176030146658
 0.0092712942669366475
 0.0092177426148711463
 0.009163522282629448
 0.0091087014166354296
 0.0090533567965029055
 0.0089975737306603153
 0.0089414455712294762
 0.0088850727520331796
 0.008828561338285159
 0.0087720211679508386
 0.0087155637397858966
 0.0086593000431966563
 0.0086033385226283818
 0.0085477833291265626
 0.0084927329486883633
 0.0084382792293732113
 0.0083845067726824579
 0.0083314926187531904
 0.0082793061413772157
 0.0082280090739721822
 0.0081776556046658667
 0.0081282925005340973
 0.0080799592420699971
 0.008032688165586839
 0.0079865046219591632
 0.0079414271649649818
 0.0078974677825652071
 0.0078546321812283087
 0.0078129201283862679
 0.0077723258525707675
 0.0077328384956666003
 0.0076944426076201141
 0.007657118671135066
 0.007620843642421363
 0.0075855914938182493
 0.0075513337448859952
 0.0075180399700967866
 0.0074856782733041839
 0.0074542157214922073
 0.0074236187326963835
 0.0073938534152868983
 0.0073648858578825253
 0.007336682370943164
 0.0073092096825235911
 0.0072824350917484355
 0.0072563265843021011
 0.0072308529146519543
 0.0072059836598805157
 0.0071816892499472042
 0.00715794097898159
 0.0071347110018780821
 0.0071119723200579891
 0.0070896987598245784
 0.0070678649462855144
 0.0070464462753755674
 0.0070254188860922858
 0.0070047596346654349
 0.0069844460720213568
 0.0069644564255752078
 0.0069447695860859445
 0.0069253651000400693
 0.0069062231677852835
 0.0068873246474152675
 0.0068686510642074683
 0.0068501846252379001
 0.0068319082386387436
 0.0068138055368266136
 0.0067958609029128095
 0.0067780594994108108
 0.0067603872982838391
 0.0067428311113256504
 0.0067253786198426518
 0.0067080184026058337
 0.0066907399610657272
 0.0066735337408749965
 0.0066563911488371659
 0.0066393045644991856
 0.0066222673457228248
 0.0066052738277082856
 0.0065883193150934509
 0.0065714000669139213
 0.0065545132743761343
 0.0065376570315625786
 0.0065208302993504151
 0.0065040328629768782
 0.0064872652838224576
 0.006470528846100429
 0.0064538254992375227
 0.0064371577968012472
 0.006420528832874195
 0.0064039421767933596
 0.00638740180716613
 0.0063709120460424748
 0.006354477494071766
 0.0063381029674021644
 0.0063217934369977132
 0.0063055539709540257
 0.0062893896802949266
 0.0062733056686300574
 0.0062573069859545947
 0.0062413985867748999
 0.0062255852926561038
 0.0062098717592063112
 0.0061942624474411699
 0.0061787615994123926
 0.0061633732179335156
 0.0061481010501966615
 0.0061329485750442657
 0.0061179189936389532
 0.006103015223261561
 0.0060882398939616491
 0.0060735953477845132
 0.0060590836403031437
 0.0060447065441924649
 0.0060304655545934177
 0.0060163618960284134
 0.006002396530643766
 0.0059885701675697778
 0.0059748832732050405
 0.0059613360822464044
 0.0059479286093015856
 0.0059346606609356582
 0.0059215318480163731
 0.0059085415982369459
 0.0058956891687063934
 0.0058829736585102226
 0.0058703940211540266
 0.005857949076813437
 0.0058456375243228368
 0.0058334579528445491
 0.0058214088531677423
 0.005809488628594507
 0.0057976956053775366
 0.0057860280426802789
 0.0057744841420367902
 0.0057630620562940859
 0.0057517598980253697
 0.005740575747406872
 0.0057295076595560669
 0.005718553671332738
 0.0057077118076082475
 0.0056969800870116331
 0.005686356527164275
 0.0056758391494171525
 0.0056654259831076022
 0.0056551150693537758
 0.0056449044644072219
 0.005634792242585015
 0.0056247764988040785
 0.0056148553507410553
 0.0056050269406418916
 0.0055952894368051275
 0.0055856410347635312
 0.0055760799581883701
 0.0055666044595401301
 0.0055572128204896699
 0.0055479033521325877
 0.0055386743950193622
 0.0055295243190229383
 0.0055204515230644425
 0.0055114544347169715
 0.0055025315097064695
 0.0054936812313273985
 0.0054849021097905229
 0.0054761926815182094
 0.0054675515084025399
 0.0054589771770399724
 0.0054504682979553062
 0.0054420235048270541
 0.0054336414537250423
 0.0054253208223704434
 0.0054170603094270868
 0.0054088586338327934
 0.0054007145341778712
 0.0053926267681375815
 0.0053845941119645899
 0.0053766153600464956
 0.0053686893245327785
 0.0053608148350353579
 0.0053529907384051991
 0.005345215898587964
 0.0053374891965599722
 0.0053298095303457253
 0.0053221758151171779
 0.0053145869833746062
 0.0053070419852077663
 0.0052995397886358379
 0.0052920793800234778
 0.0052846597645700476
 0.0052772799668678681
 0.0052699390315250737
 0.005262636023847583
 0.0052553700305743674
 0.0052481401606590166
 0.0052409455460903902
 0.0052337853427443792
 0.0052266587312581282
 0.0052195649179175244
 0.0052125031355486516
 0.0052054726444030535
 0.0051984727330267044
 0.0051915027191023616
 0.0051845619502546812
 0.0051776498048078726
 0.005170765692485541
 0.0051639090550428396
 0.0051570793668214753
 0.0051502761352184784
 0.0051434989010606825
 0.0051367472388774366
 0.005130020757064948
 0.005123319097936987
 0.0051166419376575218
 0.0051099889860520293
 0.0051033599862959364
 0.005096754714479291
 0.0050901729790484686
 0.0050836146201270671
 0.0050770795087190694
 0.0050705675457989327
 0.005064078661294151
 0.0050576128129670847
 0.0050511699852034929
 0.0050447501877165044
 0.0050383534541749639
 0.0050319798407657832
 0.0050256294247005891
 0.0050193023026766535
 0.005012998589302672
 0.0050067184154996358
 0.0050004619268867612
 0.0049942292821624533
 0.0049880206514892915
 0.0049818362148920797
 0.0049756761606768582
 0.0049695406838782263
 0.0049634299847418307
 0.0049573442672476049
 0.0049512837376789933
 0.0049452486032421986
 0.0049392390707390706
 0.0049332553452962223
 0.0049272976291523749
 0.0049213661205052142
 0.0049154610124185292
 0.0049095824917896741
 0.0049037307383772754
 0.0048979059238881458
 0.0048921082111228111
 0.0048863377531778666
 0.0048805946927041651
 0.0048748791612188798
 0.0048691912784700371
 0.0048635311518514818
 0.0048578988758670354
 0.0048522945316419276
 0.00484671818648005
 0.0048411698934658935
 0.0048356496911094908
 0.0048301576030337478
 0.00482469363770295
 0.0048192577881917649
 0.0048138500319941865
 0.004808470330871807
 0.0048031186307414238
 0.0047977948616013226
 0.0047924989374964885
 0.0047872307565225035
 0.0047819902008682984
 0.0047767771368974962
 0.0047715914152687295
 0.0047664328710946583
 0.0047613013241394999
 0.0047561965790553565
 0.0047511184256564818
 0.0047460666392314726
 0.0047410409808924924
 0.0047360411979610814
 0.0047310670243891654
 0.0047261181812145239
 0.0047211943770489873
 0.0047162953085978397
 0.0047114206612087327
 0.0047065701094477956
 0.0047017433177008461
 0.0046969399407971579
 0.004692159624653143
 0.0046874020069329883
 0.0046826667177235224
 0.0046779533802198498
 0.0046732616114188571
 0.0046685910228170735
 0.0046639412211097941
 0.0046593118088878466
 0.0046547023853290015
 0.0046501125468805448
 0.0046455418879300008
 0.0046409900014609115
 0.0046364564796905778
 0.0046319409146874969
 0.0046274428989653464
 0.0046229620260517246
 0.0046184978910291134
 0.0046140500910464973
 0.0046096182257999137
 0.004605201897980562
 0.0046008007136894387
 0.0045964142828176843
 0.004592042219392108
 0.004587684141885518
 0.0045833396734919945
 0.0045790084423670994
 0.0045746900818336555
 0.0045703842305537335
 0.0045660905326674996
 0.004561808637900313
 0.0045575382016390135
 0.0045532788849788749
 0.0045490303547428236
 0.004544792283474262
 0.0045405643494055865
 0.0045363462364038957
 0.0045321376338958086
 0.0045279382367734529
 0.0045237477452832724
 0.0045195658648999101
 0.0045153923061867895
 0.0045112267846455665
 0.0045070690205563186
 0.00450291873881017
 0.0044987756687363614
 0.0044946395439255191
 0.0044905101020507035
 0.0044863870846880696
 0.0044822702371384764
 0.0044781593082517685
 0.0044740540502550752
 0.0044699542185861821
 0.0044658595717337619
 0.0044617698710849646
 0.0044576848807819317
 0.004453604367587894
 0.0044495281007637466
 0.0044454558519559564
 0.0044413873950963616
 0.0044373225063144067
 0.0044332609638623325
 0.0044292025480536408
 0.0044251470412149663
 0.0044210942276517763
 0.0044170438936276066
 0.004412995827357066
 0.0044089498190121633
 0.0044049056607420424
 0.0044008631467054157
 0.0043968220731154337
 0.0043927822382965375
 0.0043887434427522312
 0.0043847054892435892
 0.004380668182877195
 0.0043766313312019276
 0.0043725947443133276
 0.0043685582349647653
 0.0043645216186840655
 0.0043604847138943833
 0.0043564473420383354
 0.0043524093277037641
 0.0043483704987500376
 0.0043443306864334374
 0.0043402897255302901
 0.0043362474544564843
 0.0043322037153820945
 0.0043281583543395147
 0.0043241112213241511
 0.0043200621703862827
 0.0043160110597127146
 0.0043119577516975366
 0.00430790211300058
 0.0043038440145928671
 0.0042997833317882598
 0.004295719944260451
 0.0042916537360450455
 0.0042875845955260249
 0.0042835124154065292


# name: epochs
# type: scalar
500




