# Created by Octave 5.1.0, Sun May 12 20:35:55 2019 -03 <gigizuber@Gigis-MacBook-Air.local>
# name: P
# type: global scalar struct
# ndims: 2
 1 1
# length: 14
# name: hiddenLayers
# type: scalar
50


# name: inputs
# type: matrix
# rows: 2
# columns: 441
 0.94810000000000005 -1.8859999999999999 -2.7637999999999998 2.1128 1.3606 -1.1384000000000001 0.94810000000000005 2.2370000000000001 0.29330000000000001 -2.4849999999999999 0.29330000000000001 0.29330000000000001 2.8666 0.62690000000000001 -1.3664000000000001 2.6259000000000001 0 -2.7637999999999998 0 1.9628000000000001 0.94810000000000005 0 -2.4849999999999999 -1.8859999999999999 -0.59230000000000005 -0.59230000000000005 1.3606 0 0.62690000000000001 2.8666 -1.8859999999999999 -2.7637999999999998 2.1128 -1.1384000000000001 -2.7637999999999998 1.9628000000000001 2.6259000000000001 -1.8973 -0.59230000000000005 0.94810000000000005 -0.59230000000000005 -2.4849999999999999 1.9628000000000001 -0.27010000000000001 -2.4849999999999999 -0.94120000000000004 0.94810000000000005 1.9628000000000001 -2.9369000000000001 -2.9369000000000001 -2.7637999999999998 2.2370000000000001 1.1377999999999999 2.1128 2.2370000000000001 -1.8973 -1.3664000000000001 -1.3664000000000001 -0.27010000000000001 1.3606 0 2.6259000000000001 1.3606 2.6259000000000001 -1.3664000000000001 2.2370000000000001 2.6259000000000001 -1.8973 -0.59230000000000005 -2.4849999999999999 -2.9369000000000001 0.29330000000000001 0.29330000000000001 0 -2.7637999999999998 -2.9369000000000001 -1.8859999999999999 1.3606 2.2370000000000001 -0.94120000000000004 2.2370000000000001 2.8666 -0.59230000000000005 2.6259000000000001 0.94810000000000005 2.6259000000000001 1.3606 1.1377999999999999 1.9628000000000001 2.1128 0.62690000000000001 -1.3664000000000001 2.8666 2.6259000000000001 0.62690000000000001 -1.1384000000000001 -2.9369000000000001 0.62690000000000001 -2.4849999999999999 -0.94120000000000004 -2.9369000000000001 2.8666 -1.1384000000000001 0.62690000000000001 2.2370000000000001 -1.8859999999999999 2.1128 2.6259000000000001 0.62690000000000001 1.9628000000000001 0.29330000000000001 -1.3664000000000001 0.29330000000000001 -2.4849999999999999 -1.3664000000000001 -0.27010000000000001 1.9628000000000001 -2.7637999999999998 -1.8859999999999999 -1.8973 1.1377999999999999 0.62690000000000001 -0.94120000000000004 2.2370000000000001 2.2370000000000001 -0.27010000000000001 0.62690000000000001 2.1128 2.1128 -2.4849999999999999 -1.1384000000000001 0 -1.8973 -1.8859999999999999 -1.8973 0.62690000000000001 1.9628000000000001 -1.8973 0.29330000000000001 -1.8973 0.94810000000000005 0 2.2370000000000001 0.62690000000000001 -1.8973 -1.8859999999999999 2.8666 -1.8973 0.29330000000000001 -1.8973 1.9628000000000001 2.2370000000000001 0.94810000000000005 -0.27010000000000001 1.1377999999999999 -1.8859999999999999 0.29330000000000001 1.1377999999999999 0.29330000000000001 1.1377999999999999 -1.1384000000000001 0.94810000000000005 -1.3664000000000001 0.29330000000000001 2.8666 -1.8859999999999999 0.94810000000000005 -2.7637999999999998 1.1377999999999999 2.2370000000000001 -1.3664000000000001 -2.7637999999999998 -1.3664000000000001 -1.8859999999999999 -0.59230000000000005 -0.59230000000000005 -0.59230000000000005 0 0.29330000000000001 -0.27010000000000001 -1.3664000000000001 2.6259000000000001 1.3606 2.2370000000000001 -0.27010000000000001 -2.4849999999999999 2.1128 -2.4849999999999999 0.94810000000000005 2.1128 -1.1384000000000001 -0.94120000000000004 2.2370000000000001 -1.1384000000000001 -1.1384000000000001 0 1.3606 -0.59230000000000005 0 1.1377999999999999 2.8666 -1.1384000000000001 -0.27010000000000001 -0.27010000000000001 2.1128 -2.7637999999999998 -2.4849999999999999 -0.27010000000000001 2.1128 0.62690000000000001 -0.94120000000000004 1.9628000000000001 -0.94120000000000004 -1.8973 -1.8973 2.2370000000000001 -0.27010000000000001 2.8666 -1.8973 2.1128 -2.7637999999999998 1.9628000000000001 -0.94120000000000004 1.3606 1.9628000000000001 1.9628000000000001 1.1377999999999999 -2.9369000000000001 -1.8859999999999999 2.6259000000000001 1.3606 -1.8973 -2.7637999999999998 0 -0.94120000000000004 -0.59230000000000005 2.1128 2.2370000000000001 -0.59230000000000005 -0.94120000000000004 2.2370000000000001 1.1377999999999999 2.1128 -0.27010000000000001 -1.8859999999999999 0 0.62690000000000001 2.8666 1.3606 0.29330000000000001 -1.1384000000000001 0.62690000000000001 2.1128 2.1128 1.3606 -1.8973 -2.4849999999999999 0.29330000000000001 0.62690000000000001 -2.4849999999999999 -0.94120000000000004 1.3606 -2.7637999999999998 -2.7637999999999998 2.8666 -0.59230000000000005 -2.7637999999999998 -1.8859999999999999 -0.27010000000000001 1.3606 -2.9369000000000001 1.1377999999999999 1.1377999999999999 1.9628000000000001 0.94810000000000005 2.6259000000000001 -0.27010000000000001 -2.9369000000000001 -1.3664000000000001 2.6259000000000001 1.3606 -2.9369000000000001 2.8666 1.9628000000000001 -0.94120000000000004 -2.9369000000000001 0.94810000000000005 -0.59230000000000005 1.3606 -1.8973 -2.4849999999999999 -1.8973 0.94810000000000005 0.62690000000000001 -1.3664000000000001 1.3606 -1.8859999999999999 -0.94120000000000004 -1.8859999999999999 -0.59230000000000005 0.94810000000000005 -2.4849999999999999 -2.7637999999999998 0.29330000000000001 2.8666 -1.8973 1.1377999999999999 -0.94120000000000004 0.29330000000000001 -2.9369000000000001 -0.94120000000000004 -2.9369000000000001 2.6259000000000001 -0.59230000000000005 2.1128 -2.9369000000000001 0.94810000000000005 2.8666 -2.4849999999999999 2.6259000000000001 -1.1384000000000001 2.8666 -2.9369000000000001 0 -0.94120000000000004 -1.1384000000000001 -0.59230000000000005 -2.4849999999999999 0.29330000000000001 -0.94120000000000004 2.1128 -1.1384000000000001 -1.3664000000000001 0 0.29330000000000001 2.6259000000000001 -0.27010000000000001 -2.7637999999999998 -1.1384000000000001 2.6259000000000001 2.8666 -1.1384000000000001 0.62690000000000001 -0.27010000000000001 -0.59230000000000005 -0.27010000000000001 -1.1384000000000001 2.8666 -0.94120000000000004 -0.27010000000000001 -1.8973 2.6259000000000001 -0.94120000000000004 0.62690000000000001 1.9628000000000001 1.9628000000000001 -1.1384000000000001 1.9628000000000001 -2.9369000000000001 0.62690000000000001 2.8666 -2.4849999999999999 -2.7637999999999998 -0.27010000000000001 0.94810000000000005 0 -2.4849999999999999 -0.94120000000000004 -1.1384000000000001 -0.59230000000000005 1.3606 1.3606 1.1377999999999999 0 1.3606 1.1377999999999999 1.1377999999999999 0 -1.3664000000000001 -1.8859999999999999 -0.27010000000000001 2.1128 -1.1384000000000001 1.1377999999999999 1.1377999999999999 2.2370000000000001 1.9628000000000001 -1.3664000000000001 0.29330000000000001 -1.8973 1.9628000000000001 -2.9369000000000001 -1.1384000000000001 2.1128 -2.7637999999999998 0 2.1128 -0.94120000000000004 2.8666 -1.8859999999999999 0.94810000000000005 -2.7637999999999998 -1.3664000000000001 -1.3664000000000001 0.94810000000000005 -1.8859999999999999 2.8666 2.6259000000000001 2.2370000000000001 -2.4849999999999999 -2.4849999999999999 0.62690000000000001 -1.3664000000000001 -1.8859999999999999 1.3606 -1.3664000000000001 2.6259000000000001 -2.9369000000000001 2.8666 0.94810000000000005 1.1377999999999999 0.62690000000000001 2.2370000000000001 -0.59230000000000005 0.29330000000000001 -2.9369000000000001 -2.7637999999999998 -1.8859999999999999 -2.9369000000000001 -1.3664000000000001 1.1377999999999999 1.1377999999999999 0 0.94810000000000005 2.6259000000000001 -2.9369000000000001 -0.59230000000000005 0 2.2370000000000001 -0.27010000000000001 1.9628000000000001
 -2.7761 -1.3962000000000001 0 -1.9031 1.7444999999999999 0.3226 2.8027000000000002 -0.88419999999999999 0.55110000000000003 -2.2170999999999998 -3.0484 -1.9031 2.0432999999999999 -3.0484 -0.2792 1.7444999999999999 -1.3024 -0.2792 -2.2170999999999998 2.0432999999999999 -0.2792 -1.9031 2.8027000000000002 -3.0484 0 -3.0484 -3.0484 -1.3962000000000001 -0.2792 1.7444999999999999 0.55110000000000003 -0.88419999999999999 -0.2792 1.7444999999999999 -2.7761 -2.2170999999999998 0.55110000000000003 2.8027000000000002 -0.88419999999999999 0.3226 1.2464 -1.7930999999999999 -1.3962000000000001 -2.2170999999999998 -0.2792 0.3226 1.4013 -0.2792 1.2464 2.9243000000000001 2.0432999999999999 -1.9031 -2.2170999999999998 -1.3024 -0.2792 0 -0.88419999999999999 2.8027000000000002 -1.3024 2.3239999999999998 1.2464 -2.2170999999999998 0.55110000000000003 2.9243000000000001 -1.7930999999999999 -3.0484 0.3226 -2.7761 1.7444999999999999 1.7444999999999999 -0.58850000000000002 -1.7930999999999999 -1.3024 0.86990000000000001 2.9243000000000001 -3.0484 -2.7761 -2.7761 0.55110000000000003 1.7444999999999999 -2.2170999999999998 -1.9031 2.0432999999999999 -1.7930999999999999 -1.3024 0.86990000000000001 2.0432999999999999 2.3239999999999998 2.3239999999999998 -1.7930999999999999 0.86990000000000001 2.0432999999999999 -1.3962000000000001 -1.3024 -2.2170999999999998 2.9243000000000001 -2.7761 0 -2.7761 -1.3962000000000001 -1.9031 1.4013 -3.0484 2.0432999999999999 1.7444999999999999 -1.7930999999999999 -1.3962000000000001 -1.3962000000000001 2.9243000000000001 0.3226 -2.2170999999999998 -0.58850000000000002 2.3239999999999998 0.3226 0.86990000000000001 -3.0484 -3.0484 -1.7930999999999999 -1.9031 2.9243000000000001 2.9243000000000001 2.3239999999999998 -0.2792 2.0432999999999999 -0.58850000000000002 0 1.4013 0.55110000000000003 1.4013 -1.3024 0.86990000000000001 2.8027000000000002 -1.3962000000000001 -0.2792 -0.88419999999999999 -0.88419999999999999 -2.7761 1.4013 1.2464 -1.3024 0.86990000000000001 -1.7930999999999999 0.86990000000000001 0.3226 -1.7930999999999999 2.9243000000000001 -3.0484 -1.9031 -0.58850000000000002 1.7444999999999999 -0.88419999999999999 -1.3962000000000001 1.7444999999999999 1.2464 -3.0484 0.3226 0.86990000000000001 1.4013 -0.88419999999999999 2.8027000000000002 0 -2.2170999999999998 2.9243000000000001 -0.2792 2.8027000000000002 -0.88419999999999999 -1.3962000000000001 1.7444999999999999 -0.58850000000000002 0.3226 -2.2170999999999998 2.3239999999999998 -3.0484 1.2464 2.8027000000000002 -1.3024 -1.7930999999999999 1.7444999999999999 2.0432999999999999 0.3226 0.3226 2.8027000000000002 -0.2792 -1.7930999999999999 -1.9031 0.86990000000000001 -0.58850000000000002 -3.0484 -3.0484 2.9243000000000001 0.55110000000000003 2.0432999999999999 2.9243000000000001 -1.3962000000000001 -1.3024 -0.2792 -1.7930999999999999 2.9243000000000001 2.9243000000000001 -0.88419999999999999 0.86990000000000001 2.3239999999999998 -0.58850000000000002 -0.2792 1.2464 2.8027000000000002 -0.88419999999999999 -1.7930999999999999 -2.2170999999999998 -1.3024 0.86990000000000001 0.55110000000000003 0.55110000000000003 -2.2170999999999998 0.3226 2.3239999999999998 -0.88419999999999999 -1.7930999999999999 -0.2792 2.8027000000000002 -0.58850000000000002 0 0 2.9243000000000001 1.2464 1.7444999999999999 -1.3962000000000001 1.4013 2.3239999999999998 0 -0.88419999999999999 -3.0484 -1.3024 0 -1.3024 -0.58850000000000002 2.0432999999999999 -1.3024 -2.7761 -1.7930999999999999 0 0.86990000000000001 1.7444999999999999 2.9243000000000001 -0.58850000000000002 2.0432999999999999 1.2464 1.2464 -1.9031 2.8027000000000002 -1.7930999999999999 1.7444999999999999 -0.88419999999999999 -3.0484 -0.58850000000000002 1.2464 2.9243000000000001 0.3226 -1.3962000000000001 0 -0.58850000000000002 -1.3024 -1.3962000000000001 1.4013 0.3226 -1.9031 1.2464 0.86990000000000001 2.3239999999999998 1.2464 -2.2170999999999998 -1.3024 1.2464 -1.7930999999999999 2.9243000000000001 -2.7761 1.7444999999999999 -1.3024 1.4013 -1.9031 -2.2170999999999998 -0.2792 -0.2792 2.8027000000000002 2.9243000000000001 -1.3962000000000001 -1.9031 -2.2170999999999998 0.86990000000000001 -0.58850000000000002 1.2464 2.3239999999999998 0 -0.58850000000000002 2.3239999999999998 1.4013 -1.3024 2.3239999999999998 -2.2170999999999998 -1.3962000000000001 -0.88419999999999999 1.4013 0.86990000000000001 -2.7761 -1.3024 2.0432999999999999 -0.2792 2.8027000000000002 -1.3962000000000001 -1.7930999999999999 -3.0484 0.86990000000000001 -0.88419999999999999 2.3239999999999998 2.3239999999999998 0.55110000000000003 0.55110000000000003 -0.88419999999999999 2.3239999999999998 2.0432999999999999 -1.9031 0.55110000000000003 2.3239999999999998 0.55110000000000003 1.4013 -0.88419999999999999 0.3226 -1.3962000000000001 0 -1.9031 0 1.4013 0 1.4013 1.4013 2.3239999999999998 2.0432999999999999 -1.9031 1.2464 -3.0484 -2.2170999999999998 -2.2170999999999998 0.55110000000000003 -1.3962000000000001 -0.2792 0.86990000000000001 -0.2792 2.9243000000000001 1.2464 0.55110000000000003 0.86990000000000001 1.2464 -2.2170999999999998 -1.7930999999999999 2.9243000000000001 1.4013 2.0432999999999999 0.86990000000000001 2.8027000000000002 -1.9031 0 -1.9031 0.55110000000000003 1.4013 2.3239999999999998 0.3226 2.0432999999999999 -0.88419999999999999 2.8027000000000002 0.86990000000000001 0 2.8027000000000002 0.55110000000000003 -0.58850000000000002 -1.3962000000000001 -1.9031 1.7444999999999999 -0.88419999999999999 -1.9031 0 -2.7761 0.3226 -2.7761 -1.7930999999999999 0.3226 2.8027000000000002 -1.3024 -1.3024 2.9243000000000001 0.55110000000000003 -0.58850000000000002 -0.88419999999999999 -0.58850000000000002 -2.7761 -2.2170999999999998 -3.0484 0.86990000000000001 -2.7761 -0.58850000000000002 2.0432999999999999 -1.7930999999999999 0.3226 0.55110000000000003 1.2464 -0.58850000000000002 1.7444999999999999 2.3239999999999998 1.4013 -2.7761 -0.58850000000000002 0.55110000000000003 2.8027000000000002 -1.3962000000000001 2.8027000000000002 0.3226 -2.7761 -0.58850000000000002 1.7444999999999999 -2.7761 1.2464 2.0432999999999999 -2.7761 1.2464 0.55110000000000003 1.7444999999999999 0.3226 -3.0484 1.4013 2.0432999999999999 1.7444999999999999 -2.7761 0 2.3239999999999998 2.0432999999999999 -0.2792 0 1.4013 -2.7761 1.4013 2.8027000000000002 -1.9031


# name: outputs
# type: matrix
# rows: 1
# columns: 441
 0.0453 0.0016000000000000001 0.016400000000000001 0.1246 0.0023999999999999998 0.63109999999999999 0.00080000000000000004 0.19239999999999999 0.2036 0 0.0086 0.27379999999999999 0 0.0135 0.15740000000000001 0 0.34539999999999998 0.0080000000000000002 0.076799999999999993 0.0001 0.60940000000000005 0.17180000000000001 0.0045999999999999999 0 0.30940000000000001 0.0011999999999999999 0.012500000000000001 0.29320000000000002 0.51319999999999999 0 0.36430000000000001 0.0012999999999999999 0.17929999999999999 0.6079 0 0.083000000000000004 0.0061000000000000004 0.0161 0.099699999999999997 0.17319999999999999 0.79490000000000005 0 0.30509999999999998 0.043499999999999997 0.022499999999999999 0.66290000000000004 0.023699999999999999 0.24410000000000001 0.023199999999999998 0.00050000000000000001 0.0144 0.1041 0.2205 0.24229999999999999 0.12740000000000001 0.17560000000000001 0.029000000000000001 0.031199999999999999 0.18010000000000001 0.00059999999999999995 0.3518 0.016500000000000001 0.074700000000000003 0 0.0022000000000000001 0.0033999999999999998 0.0117 0 0.46889999999999998 0.059200000000000003 0.0020999999999999999 0.3362 0.57199999999999995 0.39560000000000001 0.0011000000000000001 0 0 0.038800000000000001 0.0178 0.62139999999999995 0.046300000000000001 0.0135 0.30790000000000001 0.040500000000000001 0.93130000000000002 0.002 0.0012999999999999999 0.0016999999999999999 0 0.14080000000000001 0.091399999999999995 0.2848 0.027099999999999999 0.070400000000000004 0.20399999999999999 0.0258 0 0.318 0 0.021499999999999998 0 0.0001 0.00020000000000000001 0.021899999999999999 0.0001 0.00029999999999999997 0.2601 0.060100000000000001 0.0019 0.068199999999999997 0.1313 0.074200000000000002 0.029700000000000001 0.073899999999999993 0.90249999999999997 0.0028 0.0063 0 0.00020000000000000001 0.0118 0.00020000000000000001 0.012800000000000001 0.22559999999999999 0 0.1855 0.31419999999999998 0.064000000000000001 0.0276 0.001 0.00059999999999999995 0.88780000000000003 0.012999999999999999 0.0018 0.085300000000000001 0.0121 0.85860000000000003 0.017999999999999999 0.39129999999999998 0.1918 0.0023999999999999998 0.056099999999999997 0.20549999999999999 0.0067999999999999996 0.20910000000000001 0.00029999999999999997 0.0118 0.00050000000000000001 0.00020000000000000001 0.51700000000000002 0.27760000000000001 0.40300000000000002 0.16800000000000001 0.0129 0.5383 0.0141 0.28089999999999998 0.21879999999999999 0.0109 0.62029999999999996 0.00040000000000000002 0.3805 0.23430000000000001 0.02 0.38619999999999999 0 0.012500000000000001 0.79249999999999998 0.024400000000000002 0.75600000000000001 0.038399999999999997 0.00089999999999999998 0.0073000000000000001 0.0001 0.46550000000000002 0.034599999999999999 0.070000000000000007 0.0402 0.1983 0.061199999999999997 0.39979999999999999 0.55379999999999996 0 0.51380000000000003 0.1086 0.094899999999999998 0.1113 0.24060000000000001 0 0.016199999999999999 0 0.83679999999999999 0.31609999999999999 0 0.013100000000000001 0.0135 0.2828 0.45729999999999998 0.0195 0.0091999999999999998 1.0552999999999999 0.001 0.1699 0.22600000000000001 0.2281 0.0018 0.0018 0.0033 0.1134 0.063600000000000004 0.82609999999999995 0.95340000000000003 0.033099999999999997 0.88119999999999998 0.0001 0.29670000000000002 0 0.21379999999999999 0.015699999999999999 0.095799999999999996 0 0.0037000000000000002 0.13420000000000001 0.38279999999999997 0.0001 0.0025999999999999999 0.00029999999999999997 0.88749999999999996 0.021399999999999999 0.078600000000000003 0.0241 0.79500000000000004 0 0.00020000000000000001 0.28739999999999999 0.025399999999999999 0.12429999999999999 0.0001 0.1993 0.0033999999999999998 0.0115 0.085199999999999998 0.042700000000000002 0.00020000000000000001 0.013599999999999999 0.039399999999999998 0.1321 0.073800000000000004 0.00020000000000000001 0.40429999999999999 0.0067000000000000002 0.0054999999999999997 0.044999999999999998 0.27410000000000001 0.0040000000000000001 0.70530000000000004 0.45300000000000001 0.0027000000000000001 0.2394 0.72170000000000001 0.039199999999999999 0.1072 0.87549999999999994 0.0001 0.0344 0.0058999999999999999 0.0344 0.046100000000000002 0.48039999999999999 0.092700000000000005 0.0088999999999999999 0 0.84379999999999999 0.017500000000000002 0.21490000000000001 0.00050000000000000001 0.0030000000000000001 0.36049999999999999 0.0001 0.79610000000000003 0.029100000000000001 0.18490000000000001 0.0047000000000000002 0.018700000000000001 0 0.024199999999999999 0.0001 0.45500000000000002 0.017600000000000001 0.032099999999999997 0.034299999999999997 0.096299999999999997 0.079100000000000004 0.40350000000000003 0.78759999999999997 0.1656 0.0058999999999999999 0.0027000000000000001 0.1893 0.0001 0.075300000000000006 0.95979999999999999 0.0998 0.044600000000000001 0.024400000000000002 0.026499999999999999 0.15989999999999999 0.52990000000000004 0.036900000000000002 0.56310000000000004 0 0.00029999999999999997 0.0241 0.073999999999999996 0.1323 0 0.0178 0.1188 0.028500000000000001 0.0178 0 0.0050000000000000001 0.0028999999999999998 0.0043 0.30659999999999998 0.85360000000000003 0.036400000000000002 0.51919999999999999 0.00040000000000000002 0.28960000000000002 0.0109 0.1009 0.90669999999999995 0.31569999999999998 0.3392 0.17219999999999999 0 0.21310000000000001 0 0.88890000000000002 0.0011999999999999999 0.0064999999999999997 0.0025000000000000001 0.13439999999999999 0.18940000000000001 0.22950000000000001 0.54320000000000002 0.189 0 0.88239999999999996 0.45229999999999998 0.48139999999999999 0.00050000000000000001 0.0055999999999999999 0.43990000000000001 0 0.0012999999999999999 0.33679999999999999 0.012200000000000001 0.00089999999999999998 0.37840000000000001 0.0124 0 0.035499999999999997 0.45619999999999999 0.0041000000000000003 0.27039999999999997 0.034700000000000002 0.050799999999999998 0.040399999999999998 0.90039999999999998 0.33760000000000001 0.00020000000000000001 0.094299999999999995 0.36180000000000001 0.7298 0.4294 0.0064000000000000003 0.39579999999999999 0.0018 0.15210000000000001 0.0085000000000000006 0.053499999999999999 0.00040000000000000002 0.57320000000000004 0.1699 0 0.34470000000000001 0.0070000000000000001 0.0044000000000000003 0.38479999999999998 0.31409999999999999 0.00069999999999999999 0.0872 0.0121 0 0.0055999999999999999 0.0086 0.001 0.026499999999999999 0.14829999999999999 0.53549999999999998 0.026700000000000002 0.76790000000000003 0.86329999999999996 0.83340000000000003 0.2661 0 0.00020000000000000001 0.0085000000000000006 0.0080000000000000002 0.084099999999999994 0.0025999999999999999 0.0058999999999999999 0.0183 0.1628 0.00020000000000000001 0.056599999999999998 0.0126 0.0011999999999999999 0.027300000000000001 0.0038999999999999998 0.040399999999999998 0.0012999999999999999 0.67869999999999997 0.11609999999999999 0.014200000000000001 0 0.36940000000000001 0.0077999999999999996 0.47589999999999999 0.042599999999999999 0.34350000000000003 0.058200000000000002 0.0077000000000000002 0.039300000000000002 0.0080000000000000002 0.67930000000000001 0.0155 0.00080000000000000004 0.020899999999999998 0.16470000000000001


# name: eta
# type: scalar
1.0000000000000001e-05


# name: epsilon
# type: scalar
0.001


# name: process_type
# type: scalar
0


# name: variable_eta_flag
# type: bool
0


# name: variable_eta
# type: function handle
@<anonymous>
@(x) ((x > v_eta_min_value) * (x - v_eta_decrease_amount) + (x <= v_eta_min_value) * (v_eta_min_value))
# length: 2
# name: v_eta_decrease_amount
# type: scalar
1.9999999999999999e-06


# name: v_eta_min_value
# type: scalar
0.001




# name: activationFunction
# type: function handle
@<anonymous>
@(x) (tanh (x))


# name: activationFunctionDeriv
# type: function handle
@<anonymous>
@(x) (1 - tanh (x) ^ 2)


# name: momentum
# type: scalar
0


# name: W
# type: cell
# rows: 1
# columns: 2
# name: <cell-element>
# type: matrix
# rows: 50
# columns: 3
 -0.017177893354514303 -0.20094954292387762 -0.026891565843553379
 0.12222409963857522 -0.43714332102809422 -0.45922730794866862
 0.33213154940211137 -0.273493463881752 -0.17959724217770698
 -0.22520932341084371 0.10518677386665611 0.33758313984471666
 -0.48458624174899811 0.36298352431147068 -0.17733836503406364
 0.441510067185307 -0.22170232337667573 0.058628105192080587
 -0.0013649626757122404 -0.32740811651753615 0.30467063477692791
 -0.097333898058165447 0.077845238514980541 0.43781840375817305
 0.28595569103552815 -0.21269718790581135 -0.085474106175726955
 0.094692650315886598 0.19413068260018776 -0.48810810559664558
 -0.24508648021025628 0.15822212689623144 -0.24331438303637012
 -0.13211593036942748 0.010111555137077181 -0.36261301439682403
 0.29957017386511486 0.45404854832377778 -0.079204976189400436
 0.26637687025214135 0.10011339325996518 -0.039016483080804319
 -0.16761194475949553 -0.41658168743923524 0.37139866808310745
 -0.026140325040606809 0.40012008534244803 -0.48933351312462892
 -0.031466851269510855 -0.0065477832390060248 -0.25478166312964456
 -0.026995591395801603 -0.40667893896230062 0.27737969343459201
 0.41875175121099056 0.13832113404528976 -0.373395258700986
 -0.41882748876481457 -0.26032555781119954 -0.17966546132228506
 0.2487187425128411 -0.1443926299654546 -0.19964609974073619
 0.10643476657045844 0.20415684594188077 0.48558701617756728
 0.23624717980523777 -0.1189094373442616 -0.32470761977801893
 -0.21463696066227439 0.029128330113215958 0.15077254245228544
 0.37192966901537267 -0.042302468046244039 -0.19803876802887718
 -0.47205115759648725 -0.43688861549460067 -0.0084832072982583325
 0.25251896940979163 -0.12215000329328389 0.25122360390477516
 -0.30966980173656161 -0.34918725788771993 0.46395457938592749
 0.3561941351329429 0.029142619376203435 -0.011621214957550443
 -0.29839811964441854 -0.36837660116550286 -0.19991745688406967
 0.22253151898941878 -0.25674660335144928 0.20791275254230335
 0.33064823063488358 -0.15965033736508621 -0.13535119068024057
 -0.14178252667008631 -0.096852184203660097 -0.12534262831293833
 -0.15789786775940215 0.0088678686016556742 0.18666004969894273
 -0.26519550509865902 -0.47570370578896065 -0.26093275571762992
 0.14997840322325176 0.0039025335244258505 -0.06131065087212835
 -0.38447771748732518 -0.27935887711935037 0.18580314514832139
 0.079102625636524884 -0.23903081161340503 0.35737633221464016
 0.11949394420734473 0.40296561704961265 -0.18208024391772415
 -0.19537086011071136 0.11520216199423594 0.37521065475744031
 0.20696328010832088 -0.0075670459184468408 0.30823883013566372
 0.017840223415879351 0.031931004088865726 -0.47164471907258698
 -0.081262795116370912 -0.074810258119658829 -0.047798751013853856
 -0.30047825807054179 -0.021609959609123156 0.2125595764769462
 -0.00021874606931124538 0.21078151205005971 -0.26034169672319518
 -0.33235193908170352 -0.11051911622601052 -0.25227066469457027
 -0.51353564141668095 -0.10768009394112685 0.2778170677860401
 0.36492190809068581 -0.22745352985140907 -0.46059008919698557
 0.28948409021368615 0.45804114005863944 -0.48214939742416862
 0.37084873078306291 -0.1709403552941752 -0.12245512781962765



# name: <cell-element>
# type: matrix
# rows: 1
# columns: 51
 0.13394020929478312 0.072323245837913275 -0.39160666308394471 -0.42284882379474426 0.24636059906296229 0.027529407818571727 0.19242629783901111 0.2283525421062666 0.093883352485536267 0.1816555839115962 -0.057208799075480384 0.040369731119507465 0.34944144807748645 -0.067970366465529772 0.1044216402249953 -0.43793140257485763 -0.20310770019822533 0.049466830164173047 -0.0333924122419689 0.077697686329230131 0.20150797824556918 0.26573637281185386 0.22041860728759588 0.15763675314121123 -0.42111299840403443 -0.29257882908168731 -0.0058805012264791876 0.21880427738899991 0.044955073289601515 0.10683239428895981 0.36841380642227445 -0.47481391058468325 -0.41834321435105515 -0.49284059343549785 -0.36034775033221389 0.24976724562005673 0.31753812209391741 0.39244429129588365 0.046219349708253546 0.17428029434883716 0.40338896823763221 -0.32483568906311289 0.1019728394859469 -0.12060839113772814 0.4605126482546047 -0.01831499665629599 0.41275281978886685 -0.44504066198507725 -0.0047197153810772802 -0.23560245073808739 0.21551793586182047





# name: errors
# type: matrix
# rows: 500
# columns: 1
 0.19052360647482355
 0.18775582119183401
 0.1849781337679291
 0.18219225662487182
 0.1793999793688846
 0.17660316477192464
 0.17380374403669888
 0.1710037113465489
 0.16820511771160815
 0.16541006413347056
 0.16262069412192523
 0.15983918560878255
 0.15706774231521833
 0.15430858464008571
 0.1515639401470075
 0.14883603373745971
 0.14612707760518218
 0.14343926107388416
 0.14077474042505012
 0.13813562882556538
 0.13552398646570579
 0.13294181101668262
 0.13039102851341647
 0.12787348476258159
 0.12539093736831208
 0.12294504845852378
 0.12053737818377332
 0.11816937904827321
 0.11584239111941355
 0.11355763814825345
 0.11131622461929863
 0.10911913373384238
 0.10696722631750614
 0.10486124062974361
 0.10280179304118514
 0.10078937953405745
 0.098824377971682684
 0.096907051075358144
 0.095037550040832822
 0.093215918722132016
 0.091442098307624231
 0.089715932411897223
 0.088037172507123021
 0.086405483618989892
 0.084820450214842177
 0.083281582215194452
 0.081788321064133654
 0.080340045799090376
 0.078936079065889037
 0.077575693030733084
 0.076258115146651539
 0.074982533737846996
 0.073748103371183843
 0.072553949989677624
 0.071399175788166069
 0.070282863816347879
 0.069204082298975636
 0.068161888667192375
 0.067155333298741737
 0.066183462968111631
 0.065245324010541908
 0.064339965206284627
 0.063466440393559836
 0.062623810820313056
 0.061811147246212908
 0.061027531807315613
 0.060272059656538111
 0.059543840393535281
 0.058841999297800165
 0.058165678378843601
 0.057514037257172655
 0.056886253889519761
 0.056281525151385549
 0.055699067289488015
 0.055138116256162321
 0.054597927937159542
 0.054077778283662697
 0.05357696335868193
 0.053094799307329639
 0.052630622259810855
 0.052183788175312294
 0.051753672634330186
 0.051339670586362934
 0.050941196059297839
 0.050557681836253844
 0.050188579105112117
 0.0498333570854552
 0.049491502637166063
 0.049162519854500229
 0.048845929649033067
 0.048541269324506628
 0.048248092146258172
 0.047965966907591175
 0.047694477495158503
 0.047433222455168782
 0.047181814561983365
 0.046939880390455477
 0.046707059893171976
 0.046483005983578608
 0.046267384125817941
 0.046059871931965736
 0.045860158767231089
 0.045667945363572479
 0.045482943442088197
 0.045304875344450247
 0.045133473673580733
 0.044968480943700109
 0.044809649239823099
 0.044656739886725784
 0.044509523127368451
 0.044367777810719496
 0.044231291088897305
 0.044099858123518243
 0.043973281801120638
 0.043851372457512659
 0.043733947610880342
 0.04362083170347849
 0.043511855851717705
 0.043406857604455236
 0.043305680709289286
 0.043208174886655661
 0.043114195611520786
 0.04302360390246656
 0.042936266117960219
 0.042852053759604644
 0.042770843282166016
 0.042692515910177115
 0.042616957460918557
 0.042544058173582436
 0.042473712544426202
 0.042405819167729966
 0.0423402805823717
 0.042277003123842319
 0.042215896781523772
 0.042156875061059078
 0.042099854851648293
 0.042044756298107298
 0.041991502677531656
 0.041940020280411862
 0.041890238296051617
 0.041842088702142427
 0.041795506158355748
 0.041750427903815349
 0.041706793658317448
 0.041664545527170409
 0.041623627909530364
 0.041583987410110004
 0.041545572754147421
 0.041508334705517791
 0.041472225987881514
 0.041437201208761223
 0.041403216786445103
 0.041370230879617775
 0.041338203319622513
 0.041307095545260568
 0.041276870540039284
 0.04124749277178133
 0.041218928134509759
 0.041191143892529807
 0.041164108626626242
 0.041137792182301888
 0.041112165619982849
 0.041087201167120051
 0.041062872172117577
 0.041039153060022017
 0.041016019289908397
 0.040993447313900908
 0.040971414537768536
 0.040949899283037307
 0.040928880750564375
 0.040908338985518822
 0.040888254843717879
 0.040868609959268561
 0.040849386713464879
 0.040830568204895848
 0.04081213822071706
 0.040794081209043952
 0.040776382252423117
 0.040759027042343125
 0.040742001854743241
 0.040725293526484657
 0.04070888943274617
 0.040692777465310241
 0.040676946011704983
 0.040661383935169743
 0.040646080555412988
 0.040631025630131684
 0.040616209337263814
 0.040601622257944982
 0.040587255360142453
 0.040573099982940945
 0.040559147821454006
 0.040545390912337706
 0.040531821619882731
 0.04051843262266263
 0.04050521690071697
 0.040492167723247471
 0.040479278636808599
 0.040466543453971653
 0.040453956242445431
 0.040441511314634353
 0.040429203217617414
 0.040417026723531237
 0.040404976820341415
 0.040393048702987142
 0.040381237764883081
 0.040369539589766468
 0.040357949943873636
 0.040346464768434329
 0.040335080172470596
 0.040323792425888072
 0.040312597952848618
 0.040301493325412184
 0.040290475257437681
 0.040279540598732858
 0.040268686329442298
 0.040257909554664892
 0.040247207499290769
 0.040236577503049757
 0.040226017015762179
 0.040215523592784026
 0.040205094890638872
 0.040194728662828465
 0.040184422755815907
 0.040174175105172912
 0.040163983731885504
 0.040153846738812192
 0.040143762307286744
 0.040133728693861642
 0.040123744227184545
 0.040113807305005071
 0.040103916391302917
 0.040094070013536071
 0.040084266760001597
 0.040074505277305883
 0.040064784267938879
 0.04005510248794885
 0.040045458744713471
 0.040035851894802549
 0.040026280841929891
 0.040016744534988886
 0.040007241966170726
 0.039997772169159757
 0.039988334217403533
 0.039978927222455447
 0.039969550332385133
 0.039960202730255426
 0.039950883632662477
 0.039941592288336193
 0.039932327976799228
 0.039923090007081406
 0.039913877716487821
 0.039904690469417983
 0.039895527656234032
 0.039886388692176429
 0.039877273016324315
 0.039868180090599593
 0.039859109398812015
 0.039850060445744559
 0.039841032756276575
 0.039832025874543611
 0.039823039363132348
 0.039814072802309107
 0.039805125789280152
 0.039796197937483534
 0.039787288875910092
 0.039778398248452758
 0.039769525713283217
 0.039760670942254529
 0.039751833620328733
 0.039743013445028556
 0.039734210125911454
 0.039725423384066406
 0.039716652951631175
 0.039707898571330225
 0.039699159996031401
 0.039690436988321781
 0.03968172932010082
 0.039673036772190723
 0.039664359133963066
 0.039655696202981192
 0.039647047784657538
 0.03963841369192464
 0.039629793744921614
 0.0396211877706917
 0.039612595602894055
 0.039604017081526784
 0.039595452052661982
 0.039586900368191624
 0.039578361885584369
 0.039569836467652379
 0.039561323982327791
 0.039552824302448983
 0.039544337305555559
 0.039535862873691693
 0.039527400893218115
 0.039518951254631944
 0.039510513852393771
 0.0395020885847625
 0.039493675353636293
 0.039485274064401332
 0.039476884625786052
 0.039468506949721593
 0.039460140951208714
 0.039451786548189358
 0.039443443661424459
 0.039435112214376594
 0.039426792133097181
 0.039418483346118777
 0.039410185784352389
 0.039401899380987974
 0.039393624071399791
 0.039385359793055991
 0.039377106485431461
 0.039368864089924314
 0.039360632549776578
 0.039352411809997365
 0.039344201817289766
 0.039336002519980817
 0.039327813867954108
 0.039319635812585504
 0.03931146830668153
 0.039303311304419941
 0.039295164761293661
 0.039287028634056261
 0.039278902880669798
 0.039270787460255467
 0.039262682333045688
 0.039254587460338511
 0.039246502804453784
 0.039238428328691274
 0.039230363997290497
 0.039222309775392483
 0.039214265629002362
 0.039206231524954706
 0.039198207430879151
 0.039190193315168584
 0.039182189146947384
 0.039174194896042319
 0.039166210532953591
 0.03915823602882787
 0.039150271355432094
 0.039142316485128011
 0.039134371390848938
 0.039126436046075991
 0.039118510424816504
 0.039110594501582864
 0.039102688251372107
 0.039094791649646771
 0.039086904672316305
 0.039079027295718931
 0.039071159496605182
 0.039063301252121312
 0.03905545253979327
 0.039047613337512527
 0.039039783623520959
 0.039031963376397541
 0.039024152575044949
 0.039016351198677128
 0.039008559226807016
 0.039000776639234971
 0.038993003416037821
 0.03898523953755792
 0.03897748498439333
 0.038969739737387717
 0.038962003777621199
 0.038954277086401166
 0.038946559645254022
 0.038938851435916605
 0.038931152440328416
 0.038923462640624226
 0.038915782019126398
 0.038908110558338378
 0.038900448240937836
 0.038892795049770258
 0.038885150967842994
 0.038877515978319177
 0.038869890064512344
 0.038862273209880858
 0.038854665398022709
 0.038847066612670865
 0.038839476837688361
 0.038831896057063511
 0.038824324254906104
 0.038816761415442727
 0.038809207523012847
 0.038801662562065443
 0.03879412651715463
 0.038786599372936652
 0.038779081114166322
 0.038771571725693788
 0.03876407119246135
 0.038756579499500746
 0.038749096631929922
 0.038741622574950618
 0.03873415731384576
 0.038726700833976377
 0.0387192531207802
 0.038711814159768342
 0.038704383936523729
 0.038696962436698665
 0.03868954964601292
 0.038682145550251817
 0.038674750135264155
 0.038667363386960599
 0.038659985291311941
 0.038652615834347301
 0.038645255002152788
 0.038637902780869607
 0.038630559156693063
 0.038623224115870776
 0.038615897644701434
 0.038608579729533694
 0.038601270356764715
 0.038593969512839062
 0.038586677184247534
 0.038579393357526068
 0.038572118019254815
 0.038564851156056908
 0.038557592754597886
 0.03855034280158405
 0.038543101283762357
 0.03853586818791916
 0.038528643500879381
 0.038521427209505826
 0.038514219300698503
 0.038507019761393597
 0.038499828578563149
 0.038492645739214022
 0.038485471230387487
 0.038478305039158667
 0.038471147152635714
 0.038463997557959255
 0.038456856242302134
 0.038449723192868504
 0.038442598396893631
 0.038435481841643117
 0.038428373514412785
 0.038421273402527892
 0.038414181493342817
 0.038407097774240707
 0.038400022232633023
 0.038392954855959102
 0.03838589563168595
 0.038378844547307646
 0.038371801590345256
 0.038364766748346199
 0.038357740008884235
 0.038350721359558936
 0.038343710787995609
 0.038336708281844691
 0.038329713828781774
 0.038322727416507212
 0.038315749032745899
 0.038308778665246963
 0.038301816301783621
 0.038294861930152774
 0.038287915538175198
 0.038280977113694541
 0.038274046644578237
 0.038267124118716252
 0.038260209524021482
 0.038253302848429399
 0.038246404079897919
 0.038239513206407241
 0.038232630215959483
 0.038225755096578863
 0.038218887836311395
 0.038212028423224485
 0.038205176845407175
 0.038198333090969788
 0.038191497148043853
 0.038184669004781978
 0.038177848649357644
 0.038171036069965164
 0.038164231254819589
 0.038157434192156461
 0.038150644870231926
 0.038143863277322262
 0.038137089401724215
 0.038130323231754519
 0.038123564755750024
 0.038116813962067495
 0.038110070839083632
 0.038103335375194752
 0.038096607558817025
 0.038089887378386034
 0.038083174822356951
 0.03807646987920435
 0.038069772537422143
 0.038063082785523596
 0.038056400612041096
 0.038049726005525988
 0.038043058954548924
 0.038036399447699348
 0.038029747473585826
 0.038023103020835419
 0.038016466078094314
 0.038009836634027142
 0.038003214677317369


# name: epochs
# type: scalar
500




