# Created by Octave 5.1.0, Sun May 12 21:00:17 2019 -03 <gigizuber@Gigis-MacBook-Air.local>
# name: P
# type: global scalar struct
# ndims: 2
 1 1
# length: 14
# name: hiddenLayers
# type: scalar
50


# name: inputs
# type: matrix
# rows: 2
# columns: 441
 0.94810000000000005 -1.8859999999999999 -2.7637999999999998 2.1128 1.3606 -1.1384000000000001 0.94810000000000005 2.2370000000000001 0.29330000000000001 -2.4849999999999999 0.29330000000000001 0.29330000000000001 2.8666 0.62690000000000001 -1.3664000000000001 2.6259000000000001 0 -2.7637999999999998 0 1.9628000000000001 0.94810000000000005 0 -2.4849999999999999 -1.8859999999999999 -0.59230000000000005 -0.59230000000000005 1.3606 0 0.62690000000000001 2.8666 -1.8859999999999999 -2.7637999999999998 2.1128 -1.1384000000000001 -2.7637999999999998 1.9628000000000001 2.6259000000000001 -1.8973 -0.59230000000000005 0.94810000000000005 -0.59230000000000005 -2.4849999999999999 1.9628000000000001 -0.27010000000000001 -2.4849999999999999 -0.94120000000000004 0.94810000000000005 1.9628000000000001 -2.9369000000000001 -2.9369000000000001 -2.7637999999999998 2.2370000000000001 1.1377999999999999 2.1128 2.2370000000000001 -1.8973 -1.3664000000000001 -1.3664000000000001 -0.27010000000000001 1.3606 0 2.6259000000000001 1.3606 2.6259000000000001 -1.3664000000000001 2.2370000000000001 2.6259000000000001 -1.8973 -0.59230000000000005 -2.4849999999999999 -2.9369000000000001 0.29330000000000001 0.29330000000000001 0 -2.7637999999999998 -2.9369000000000001 -1.8859999999999999 1.3606 2.2370000000000001 -0.94120000000000004 2.2370000000000001 2.8666 -0.59230000000000005 2.6259000000000001 0.94810000000000005 2.6259000000000001 1.3606 1.1377999999999999 1.9628000000000001 2.1128 0.62690000000000001 -1.3664000000000001 2.8666 2.6259000000000001 0.62690000000000001 -1.1384000000000001 -2.9369000000000001 0.62690000000000001 -2.4849999999999999 -0.94120000000000004 -2.9369000000000001 2.8666 -1.1384000000000001 0.62690000000000001 2.2370000000000001 -1.8859999999999999 2.1128 2.6259000000000001 0.62690000000000001 1.9628000000000001 0.29330000000000001 -1.3664000000000001 0.29330000000000001 -2.4849999999999999 -1.3664000000000001 -0.27010000000000001 1.9628000000000001 -2.7637999999999998 -1.8859999999999999 -1.8973 1.1377999999999999 0.62690000000000001 -0.94120000000000004 2.2370000000000001 2.2370000000000001 -0.27010000000000001 0.62690000000000001 2.1128 2.1128 -2.4849999999999999 -1.1384000000000001 0 -1.8973 -1.8859999999999999 -1.8973 0.62690000000000001 1.9628000000000001 -1.8973 0.29330000000000001 -1.8973 0.94810000000000005 0 2.2370000000000001 0.62690000000000001 -1.8973 -1.8859999999999999 2.8666 -1.8973 0.29330000000000001 -1.8973 1.9628000000000001 2.2370000000000001 0.94810000000000005 -0.27010000000000001 1.1377999999999999 -1.8859999999999999 0.29330000000000001 1.1377999999999999 0.29330000000000001 1.1377999999999999 -1.1384000000000001 0.94810000000000005 -1.3664000000000001 0.29330000000000001 2.8666 -1.8859999999999999 0.94810000000000005 -2.7637999999999998 1.1377999999999999 2.2370000000000001 -1.3664000000000001 -2.7637999999999998 -1.3664000000000001 -1.8859999999999999 -0.59230000000000005 -0.59230000000000005 -0.59230000000000005 0 0.29330000000000001 -0.27010000000000001 -1.3664000000000001 2.6259000000000001 1.3606 2.2370000000000001 -0.27010000000000001 -2.4849999999999999 2.1128 -2.4849999999999999 0.94810000000000005 2.1128 -1.1384000000000001 -0.94120000000000004 2.2370000000000001 -1.1384000000000001 -1.1384000000000001 0 1.3606 -0.59230000000000005 0 1.1377999999999999 2.8666 -1.1384000000000001 -0.27010000000000001 -0.27010000000000001 2.1128 -2.7637999999999998 -2.4849999999999999 -0.27010000000000001 2.1128 0.62690000000000001 -0.94120000000000004 1.9628000000000001 -0.94120000000000004 -1.8973 -1.8973 2.2370000000000001 -0.27010000000000001 2.8666 -1.8973 2.1128 -2.7637999999999998 1.9628000000000001 -0.94120000000000004 1.3606 1.9628000000000001 1.9628000000000001 1.1377999999999999 -2.9369000000000001 -1.8859999999999999 2.6259000000000001 1.3606 -1.8973 -2.7637999999999998 0 -0.94120000000000004 -0.59230000000000005 2.1128 2.2370000000000001 -0.59230000000000005 -0.94120000000000004 2.2370000000000001 1.1377999999999999 2.1128 -0.27010000000000001 -1.8859999999999999 0 0.62690000000000001 2.8666 1.3606 0.29330000000000001 -1.1384000000000001 0.62690000000000001 2.1128 2.1128 1.3606 -1.8973 -2.4849999999999999 0.29330000000000001 0.62690000000000001 -2.4849999999999999 -0.94120000000000004 1.3606 -2.7637999999999998 -2.7637999999999998 2.8666 -0.59230000000000005 -2.7637999999999998 -1.8859999999999999 -0.27010000000000001 1.3606 -2.9369000000000001 1.1377999999999999 1.1377999999999999 1.9628000000000001 0.94810000000000005 2.6259000000000001 -0.27010000000000001 -2.9369000000000001 -1.3664000000000001 2.6259000000000001 1.3606 -2.9369000000000001 2.8666 1.9628000000000001 -0.94120000000000004 -2.9369000000000001 0.94810000000000005 -0.59230000000000005 1.3606 -1.8973 -2.4849999999999999 -1.8973 0.94810000000000005 0.62690000000000001 -1.3664000000000001 1.3606 -1.8859999999999999 -0.94120000000000004 -1.8859999999999999 -0.59230000000000005 0.94810000000000005 -2.4849999999999999 -2.7637999999999998 0.29330000000000001 2.8666 -1.8973 1.1377999999999999 -0.94120000000000004 0.29330000000000001 -2.9369000000000001 -0.94120000000000004 -2.9369000000000001 2.6259000000000001 -0.59230000000000005 2.1128 -2.9369000000000001 0.94810000000000005 2.8666 -2.4849999999999999 2.6259000000000001 -1.1384000000000001 2.8666 -2.9369000000000001 0 -0.94120000000000004 -1.1384000000000001 -0.59230000000000005 -2.4849999999999999 0.29330000000000001 -0.94120000000000004 2.1128 -1.1384000000000001 -1.3664000000000001 0 0.29330000000000001 2.6259000000000001 -0.27010000000000001 -2.7637999999999998 -1.1384000000000001 2.6259000000000001 2.8666 -1.1384000000000001 0.62690000000000001 -0.27010000000000001 -0.59230000000000005 -0.27010000000000001 -1.1384000000000001 2.8666 -0.94120000000000004 -0.27010000000000001 -1.8973 2.6259000000000001 -0.94120000000000004 0.62690000000000001 1.9628000000000001 1.9628000000000001 -1.1384000000000001 1.9628000000000001 -2.9369000000000001 0.62690000000000001 2.8666 -2.4849999999999999 -2.7637999999999998 -0.27010000000000001 0.94810000000000005 0 -2.4849999999999999 -0.94120000000000004 -1.1384000000000001 -0.59230000000000005 1.3606 1.3606 1.1377999999999999 0 1.3606 1.1377999999999999 1.1377999999999999 0 -1.3664000000000001 -1.8859999999999999 -0.27010000000000001 2.1128 -1.1384000000000001 1.1377999999999999 1.1377999999999999 2.2370000000000001 1.9628000000000001 -1.3664000000000001 0.29330000000000001 -1.8973 1.9628000000000001 -2.9369000000000001 -1.1384000000000001 2.1128 -2.7637999999999998 0 2.1128 -0.94120000000000004 2.8666 -1.8859999999999999 0.94810000000000005 -2.7637999999999998 -1.3664000000000001 -1.3664000000000001 0.94810000000000005 -1.8859999999999999 2.8666 2.6259000000000001 2.2370000000000001 -2.4849999999999999 -2.4849999999999999 0.62690000000000001 -1.3664000000000001 -1.8859999999999999 1.3606 -1.3664000000000001 2.6259000000000001 -2.9369000000000001 2.8666 0.94810000000000005 1.1377999999999999 0.62690000000000001 2.2370000000000001 -0.59230000000000005 0.29330000000000001 -2.9369000000000001 -2.7637999999999998 -1.8859999999999999 -2.9369000000000001 -1.3664000000000001 1.1377999999999999 1.1377999999999999 0 0.94810000000000005 2.6259000000000001 -2.9369000000000001 -0.59230000000000005 0 2.2370000000000001 -0.27010000000000001 1.9628000000000001
 -2.7761 -1.3962000000000001 0 -1.9031 1.7444999999999999 0.3226 2.8027000000000002 -0.88419999999999999 0.55110000000000003 -2.2170999999999998 -3.0484 -1.9031 2.0432999999999999 -3.0484 -0.2792 1.7444999999999999 -1.3024 -0.2792 -2.2170999999999998 2.0432999999999999 -0.2792 -1.9031 2.8027000000000002 -3.0484 0 -3.0484 -3.0484 -1.3962000000000001 -0.2792 1.7444999999999999 0.55110000000000003 -0.88419999999999999 -0.2792 1.7444999999999999 -2.7761 -2.2170999999999998 0.55110000000000003 2.8027000000000002 -0.88419999999999999 0.3226 1.2464 -1.7930999999999999 -1.3962000000000001 -2.2170999999999998 -0.2792 0.3226 1.4013 -0.2792 1.2464 2.9243000000000001 2.0432999999999999 -1.9031 -2.2170999999999998 -1.3024 -0.2792 0 -0.88419999999999999 2.8027000000000002 -1.3024 2.3239999999999998 1.2464 -2.2170999999999998 0.55110000000000003 2.9243000000000001 -1.7930999999999999 -3.0484 0.3226 -2.7761 1.7444999999999999 1.7444999999999999 -0.58850000000000002 -1.7930999999999999 -1.3024 0.86990000000000001 2.9243000000000001 -3.0484 -2.7761 -2.7761 0.55110000000000003 1.7444999999999999 -2.2170999999999998 -1.9031 2.0432999999999999 -1.7930999999999999 -1.3024 0.86990000000000001 2.0432999999999999 2.3239999999999998 2.3239999999999998 -1.7930999999999999 0.86990000000000001 2.0432999999999999 -1.3962000000000001 -1.3024 -2.2170999999999998 2.9243000000000001 -2.7761 0 -2.7761 -1.3962000000000001 -1.9031 1.4013 -3.0484 2.0432999999999999 1.7444999999999999 -1.7930999999999999 -1.3962000000000001 -1.3962000000000001 2.9243000000000001 0.3226 -2.2170999999999998 -0.58850000000000002 2.3239999999999998 0.3226 0.86990000000000001 -3.0484 -3.0484 -1.7930999999999999 -1.9031 2.9243000000000001 2.9243000000000001 2.3239999999999998 -0.2792 2.0432999999999999 -0.58850000000000002 0 1.4013 0.55110000000000003 1.4013 -1.3024 0.86990000000000001 2.8027000000000002 -1.3962000000000001 -0.2792 -0.88419999999999999 -0.88419999999999999 -2.7761 1.4013 1.2464 -1.3024 0.86990000000000001 -1.7930999999999999 0.86990000000000001 0.3226 -1.7930999999999999 2.9243000000000001 -3.0484 -1.9031 -0.58850000000000002 1.7444999999999999 -0.88419999999999999 -1.3962000000000001 1.7444999999999999 1.2464 -3.0484 0.3226 0.86990000000000001 1.4013 -0.88419999999999999 2.8027000000000002 0 -2.2170999999999998 2.9243000000000001 -0.2792 2.8027000000000002 -0.88419999999999999 -1.3962000000000001 1.7444999999999999 -0.58850000000000002 0.3226 -2.2170999999999998 2.3239999999999998 -3.0484 1.2464 2.8027000000000002 -1.3024 -1.7930999999999999 1.7444999999999999 2.0432999999999999 0.3226 0.3226 2.8027000000000002 -0.2792 -1.7930999999999999 -1.9031 0.86990000000000001 -0.58850000000000002 -3.0484 -3.0484 2.9243000000000001 0.55110000000000003 2.0432999999999999 2.9243000000000001 -1.3962000000000001 -1.3024 -0.2792 -1.7930999999999999 2.9243000000000001 2.9243000000000001 -0.88419999999999999 0.86990000000000001 2.3239999999999998 -0.58850000000000002 -0.2792 1.2464 2.8027000000000002 -0.88419999999999999 -1.7930999999999999 -2.2170999999999998 -1.3024 0.86990000000000001 0.55110000000000003 0.55110000000000003 -2.2170999999999998 0.3226 2.3239999999999998 -0.88419999999999999 -1.7930999999999999 -0.2792 2.8027000000000002 -0.58850000000000002 0 0 2.9243000000000001 1.2464 1.7444999999999999 -1.3962000000000001 1.4013 2.3239999999999998 0 -0.88419999999999999 -3.0484 -1.3024 0 -1.3024 -0.58850000000000002 2.0432999999999999 -1.3024 -2.7761 -1.7930999999999999 0 0.86990000000000001 1.7444999999999999 2.9243000000000001 -0.58850000000000002 2.0432999999999999 1.2464 1.2464 -1.9031 2.8027000000000002 -1.7930999999999999 1.7444999999999999 -0.88419999999999999 -3.0484 -0.58850000000000002 1.2464 2.9243000000000001 0.3226 -1.3962000000000001 0 -0.58850000000000002 -1.3024 -1.3962000000000001 1.4013 0.3226 -1.9031 1.2464 0.86990000000000001 2.3239999999999998 1.2464 -2.2170999999999998 -1.3024 1.2464 -1.7930999999999999 2.9243000000000001 -2.7761 1.7444999999999999 -1.3024 1.4013 -1.9031 -2.2170999999999998 -0.2792 -0.2792 2.8027000000000002 2.9243000000000001 -1.3962000000000001 -1.9031 -2.2170999999999998 0.86990000000000001 -0.58850000000000002 1.2464 2.3239999999999998 0 -0.58850000000000002 2.3239999999999998 1.4013 -1.3024 2.3239999999999998 -2.2170999999999998 -1.3962000000000001 -0.88419999999999999 1.4013 0.86990000000000001 -2.7761 -1.3024 2.0432999999999999 -0.2792 2.8027000000000002 -1.3962000000000001 -1.7930999999999999 -3.0484 0.86990000000000001 -0.88419999999999999 2.3239999999999998 2.3239999999999998 0.55110000000000003 0.55110000000000003 -0.88419999999999999 2.3239999999999998 2.0432999999999999 -1.9031 0.55110000000000003 2.3239999999999998 0.55110000000000003 1.4013 -0.88419999999999999 0.3226 -1.3962000000000001 0 -1.9031 0 1.4013 0 1.4013 1.4013 2.3239999999999998 2.0432999999999999 -1.9031 1.2464 -3.0484 -2.2170999999999998 -2.2170999999999998 0.55110000000000003 -1.3962000000000001 -0.2792 0.86990000000000001 -0.2792 2.9243000000000001 1.2464 0.55110000000000003 0.86990000000000001 1.2464 -2.2170999999999998 -1.7930999999999999 2.9243000000000001 1.4013 2.0432999999999999 0.86990000000000001 2.8027000000000002 -1.9031 0 -1.9031 0.55110000000000003 1.4013 2.3239999999999998 0.3226 2.0432999999999999 -0.88419999999999999 2.8027000000000002 0.86990000000000001 0 2.8027000000000002 0.55110000000000003 -0.58850000000000002 -1.3962000000000001 -1.9031 1.7444999999999999 -0.88419999999999999 -1.9031 0 -2.7761 0.3226 -2.7761 -1.7930999999999999 0.3226 2.8027000000000002 -1.3024 -1.3024 2.9243000000000001 0.55110000000000003 -0.58850000000000002 -0.88419999999999999 -0.58850000000000002 -2.7761 -2.2170999999999998 -3.0484 0.86990000000000001 -2.7761 -0.58850000000000002 2.0432999999999999 -1.7930999999999999 0.3226 0.55110000000000003 1.2464 -0.58850000000000002 1.7444999999999999 2.3239999999999998 1.4013 -2.7761 -0.58850000000000002 0.55110000000000003 2.8027000000000002 -1.3962000000000001 2.8027000000000002 0.3226 -2.7761 -0.58850000000000002 1.7444999999999999 -2.7761 1.2464 2.0432999999999999 -2.7761 1.2464 0.55110000000000003 1.7444999999999999 0.3226 -3.0484 1.4013 2.0432999999999999 1.7444999999999999 -2.7761 0 2.3239999999999998 2.0432999999999999 -0.2792 0 1.4013 -2.7761 1.4013 2.8027000000000002 -1.9031


# name: outputs
# type: matrix
# rows: 1
# columns: 441
 0.0453 0.0016000000000000001 0.016400000000000001 0.1246 0.0023999999999999998 0.63109999999999999 0.00080000000000000004 0.19239999999999999 0.2036 0 0.0086 0.27379999999999999 0 0.0135 0.15740000000000001 0 0.34539999999999998 0.0080000000000000002 0.076799999999999993 0.0001 0.60940000000000005 0.17180000000000001 0.0045999999999999999 0 0.30940000000000001 0.0011999999999999999 0.012500000000000001 0.29320000000000002 0.51319999999999999 0 0.36430000000000001 0.0012999999999999999 0.17929999999999999 0.6079 0 0.083000000000000004 0.0061000000000000004 0.0161 0.099699999999999997 0.17319999999999999 0.79490000000000005 0 0.30509999999999998 0.043499999999999997 0.022499999999999999 0.66290000000000004 0.023699999999999999 0.24410000000000001 0.023199999999999998 0.00050000000000000001 0.0144 0.1041 0.2205 0.24229999999999999 0.12740000000000001 0.17560000000000001 0.029000000000000001 0.031199999999999999 0.18010000000000001 0.00059999999999999995 0.3518 0.016500000000000001 0.074700000000000003 0 0.0022000000000000001 0.0033999999999999998 0.0117 0 0.46889999999999998 0.059200000000000003 0.0020999999999999999 0.3362 0.57199999999999995 0.39560000000000001 0.0011000000000000001 0 0 0.038800000000000001 0.0178 0.62139999999999995 0.046300000000000001 0.0135 0.30790000000000001 0.040500000000000001 0.93130000000000002 0.002 0.0012999999999999999 0.0016999999999999999 0 0.14080000000000001 0.091399999999999995 0.2848 0.027099999999999999 0.070400000000000004 0.20399999999999999 0.0258 0 0.318 0 0.021499999999999998 0 0.0001 0.00020000000000000001 0.021899999999999999 0.0001 0.00029999999999999997 0.2601 0.060100000000000001 0.0019 0.068199999999999997 0.1313 0.074200000000000002 0.029700000000000001 0.073899999999999993 0.90249999999999997 0.0028 0.0063 0 0.00020000000000000001 0.0118 0.00020000000000000001 0.012800000000000001 0.22559999999999999 0 0.1855 0.31419999999999998 0.064000000000000001 0.0276 0.001 0.00059999999999999995 0.88780000000000003 0.012999999999999999 0.0018 0.085300000000000001 0.0121 0.85860000000000003 0.017999999999999999 0.39129999999999998 0.1918 0.0023999999999999998 0.056099999999999997 0.20549999999999999 0.0067999999999999996 0.20910000000000001 0.00029999999999999997 0.0118 0.00050000000000000001 0.00020000000000000001 0.51700000000000002 0.27760000000000001 0.40300000000000002 0.16800000000000001 0.0129 0.5383 0.0141 0.28089999999999998 0.21879999999999999 0.0109 0.62029999999999996 0.00040000000000000002 0.3805 0.23430000000000001 0.02 0.38619999999999999 0 0.012500000000000001 0.79249999999999998 0.024400000000000002 0.75600000000000001 0.038399999999999997 0.00089999999999999998 0.0073000000000000001 0.0001 0.46550000000000002 0.034599999999999999 0.070000000000000007 0.0402 0.1983 0.061199999999999997 0.39979999999999999 0.55379999999999996 0 0.51380000000000003 0.1086 0.094899999999999998 0.1113 0.24060000000000001 0 0.016199999999999999 0 0.83679999999999999 0.31609999999999999 0 0.013100000000000001 0.0135 0.2828 0.45729999999999998 0.0195 0.0091999999999999998 1.0552999999999999 0.001 0.1699 0.22600000000000001 0.2281 0.0018 0.0018 0.0033 0.1134 0.063600000000000004 0.82609999999999995 0.95340000000000003 0.033099999999999997 0.88119999999999998 0.0001 0.29670000000000002 0 0.21379999999999999 0.015699999999999999 0.095799999999999996 0 0.0037000000000000002 0.13420000000000001 0.38279999999999997 0.0001 0.0025999999999999999 0.00029999999999999997 0.88749999999999996 0.021399999999999999 0.078600000000000003 0.0241 0.79500000000000004 0 0.00020000000000000001 0.28739999999999999 0.025399999999999999 0.12429999999999999 0.0001 0.1993 0.0033999999999999998 0.0115 0.085199999999999998 0.042700000000000002 0.00020000000000000001 0.013599999999999999 0.039399999999999998 0.1321 0.073800000000000004 0.00020000000000000001 0.40429999999999999 0.0067000000000000002 0.0054999999999999997 0.044999999999999998 0.27410000000000001 0.0040000000000000001 0.70530000000000004 0.45300000000000001 0.0027000000000000001 0.2394 0.72170000000000001 0.039199999999999999 0.1072 0.87549999999999994 0.0001 0.0344 0.0058999999999999999 0.0344 0.046100000000000002 0.48039999999999999 0.092700000000000005 0.0088999999999999999 0 0.84379999999999999 0.017500000000000002 0.21490000000000001 0.00050000000000000001 0.0030000000000000001 0.36049999999999999 0.0001 0.79610000000000003 0.029100000000000001 0.18490000000000001 0.0047000000000000002 0.018700000000000001 0 0.024199999999999999 0.0001 0.45500000000000002 0.017600000000000001 0.032099999999999997 0.034299999999999997 0.096299999999999997 0.079100000000000004 0.40350000000000003 0.78759999999999997 0.1656 0.0058999999999999999 0.0027000000000000001 0.1893 0.0001 0.075300000000000006 0.95979999999999999 0.0998 0.044600000000000001 0.024400000000000002 0.026499999999999999 0.15989999999999999 0.52990000000000004 0.036900000000000002 0.56310000000000004 0 0.00029999999999999997 0.0241 0.073999999999999996 0.1323 0 0.0178 0.1188 0.028500000000000001 0.0178 0 0.0050000000000000001 0.0028999999999999998 0.0043 0.30659999999999998 0.85360000000000003 0.036400000000000002 0.51919999999999999 0.00040000000000000002 0.28960000000000002 0.0109 0.1009 0.90669999999999995 0.31569999999999998 0.3392 0.17219999999999999 0 0.21310000000000001 0 0.88890000000000002 0.0011999999999999999 0.0064999999999999997 0.0025000000000000001 0.13439999999999999 0.18940000000000001 0.22950000000000001 0.54320000000000002 0.189 0 0.88239999999999996 0.45229999999999998 0.48139999999999999 0.00050000000000000001 0.0055999999999999999 0.43990000000000001 0 0.0012999999999999999 0.33679999999999999 0.012200000000000001 0.00089999999999999998 0.37840000000000001 0.0124 0 0.035499999999999997 0.45619999999999999 0.0041000000000000003 0.27039999999999997 0.034700000000000002 0.050799999999999998 0.040399999999999998 0.90039999999999998 0.33760000000000001 0.00020000000000000001 0.094299999999999995 0.36180000000000001 0.7298 0.4294 0.0064000000000000003 0.39579999999999999 0.0018 0.15210000000000001 0.0085000000000000006 0.053499999999999999 0.00040000000000000002 0.57320000000000004 0.1699 0 0.34470000000000001 0.0070000000000000001 0.0044000000000000003 0.38479999999999998 0.31409999999999999 0.00069999999999999999 0.0872 0.0121 0 0.0055999999999999999 0.0086 0.001 0.026499999999999999 0.14829999999999999 0.53549999999999998 0.026700000000000002 0.76790000000000003 0.86329999999999996 0.83340000000000003 0.2661 0 0.00020000000000000001 0.0085000000000000006 0.0080000000000000002 0.084099999999999994 0.0025999999999999999 0.0058999999999999999 0.0183 0.1628 0.00020000000000000001 0.056599999999999998 0.0126 0.0011999999999999999 0.027300000000000001 0.0038999999999999998 0.040399999999999998 0.0012999999999999999 0.67869999999999997 0.11609999999999999 0.014200000000000001 0 0.36940000000000001 0.0077999999999999996 0.47589999999999999 0.042599999999999999 0.34350000000000003 0.058200000000000002 0.0077000000000000002 0.039300000000000002 0.0080000000000000002 0.67930000000000001 0.0155 0.00080000000000000004 0.020899999999999998 0.16470000000000001


# name: eta
# type: scalar
0.074999999999999997


# name: epsilon
# type: scalar
0.001


# name: process_type
# type: scalar
0


# name: variable_eta_flag
# type: bool
0


# name: variable_eta
# type: function handle
@<anonymous>
@(x) ((x > v_eta_min_value) * (x - v_eta_decrease_amount) + (x <= v_eta_min_value) * (v_eta_min_value))
# length: 2
# name: v_eta_decrease_amount
# type: scalar
1.9999999999999999e-06


# name: v_eta_min_value
# type: scalar
0.001




# name: activationFunction
# type: function handle
@<anonymous>
@(x) (tanh (x))


# name: activationFunctionDeriv
# type: function handle
@<anonymous>
@(x) (1 - tanh (x) ^ 2)


# name: momentum
# type: scalar
0


# name: W
# type: cell
# rows: 1
# columns: 2
# name: <cell-element>
# type: matrix
# rows: 50
# columns: 3
 -1.0027359149890991 1.658741753158159 -0.32701799137717164
 -0.039844419419248739 -0.0043759765941818081 -1.7802667522770386e-05
 -0.01179097455384137 -0.0022580325885939085 -0.00033589202691895834
 -0.0071375652302593006 0.00075391266182579851 0.00066957818710245635
 -0.0034621121509718152 -0.00044712496747326071 -1.4416515338676836e-05
 0.010006623628556524 -0.0086015564632297044 -0.0040006770488064782
 -0.011703574785562035 -0.00098953081980063294 0.00017610450676452911
 -0.0012535734854485271 -0.00016327795120291705 -5.4992438525346566e-06
 0.88635245247538808 1.536970510963942 0.96265206776806056
 0.00011411142544261621 -0.00018658321400828894 -8.1730406962893809e-05
 0.0024664490034978013 -0.0012337731780167869 -0.00062157516548592062
 1.1144152615633134 -1.3145241325171568 -1.4642483858840327
 0.0015909458187864597 0.0001683487398212401 -1.1197834013037066e-05
 -0.0068817823230447909 0.00013284904304408974 0.0004059336550515895
 -1.1551060496582568 0.46362668466154927 -1.6941822045657917
 -0.053466469124303653 -0.017622326799753063 -0.0039299956337346337
 -0.015830656119668392 -0.0012962900848665045 0.00019704481520209613
 0.013938983573838722 0.0052191493829930966 0.0014371110538817381
 0.027700422814830872 -0.0089781646988206943 -0.0039144717412333118
 0.72473488820108334 0.50350598551122538 1.0358205229605946
 0.0025094568661124719 0.0022775344446944101 0.00080322359275730737
 0.0032542812029965297 0.00011495719411664609 -0.00011242146855124071
 -0.0079782132437807452 -0.0012228068064786279 -0.00011179696688823888
 -0.0020349397627371863 -0.00032469785165114591 -3.2453372645855602e-05
 -0.011208190885630366 0.0028149592126562473 0.0017036629874602428
 -0.00067534003521916815 0.0012498331018132732 0.00054016484010548039
 -0.0050133125771546052 -4.6590083685226832e-05 0.00023048988190652582
 -0.00076992713382732184 0.00092450225277054712 0.00041109440541981293
 -0.25001212372044851 0.81274313182377544 0.24108813405806395
 -0.0078347567665036245 0.00022853481340752348 0.00047619720641101288
 0.00055935863818166846 0.00030567932268254512 8.9595066368935763e-05
 0.0040199654071892124 0.0016677540907135021 0.0004779340886491662
 -0.001524110165389111 8.787560199021093e-05 0.00011067978957187891
 1.0126010720951428 0.9746003577274186 -0.86555045059017444
 0.0037020780602625442 -0.00022957093057107317 -0.00027517326819971616
 2.0008050663078718 1.1593865861153101 -0.41155824109988748
 -2.6944739707763072 -0.61172620652967413 1.3856214192936298
 -0.016498037011799051 -0.0023643481106832209 -0.00017991903641466635
 -0.011677287438376097 -0.00048606307645466802 0.00035770077621120221
 0.0039590577022100932 -9.6637583264408305e-05 -0.00023228289302618558
 -0.0074128558025390893 9.0225706289450574e-05 0.00039293195381440355
 0.002087680421091307 0.0090889978753191398 0.003599963570065502
 -0.0073863576200429324 -0.00089281735694392978 -8.314578436036398e-06
 2.977545758380657 -1.0719716722951198 1.0442663150285474
 -0.0076366225108293953 0.00040457367990469242 0.00054153444938757748
 -0.0024124911276564493 -0.00051568021638644362 -9.0380696823755881e-05
 0.0096915051132041227 -0.011206120992520349 -0.0049689188734297219
 0.0030505876173567391 0.0011004950673012904 0.00029892681398255825
 -0.0071014902229790443 0.003207825200321977 0.0016559530755099333
 -0.0067623218642805525 -0.00090433691754391232 -3.3764451510021452e-05



# name: <cell-element>
# type: matrix
# rows: 1
# columns: 51
 0.41316342591091632 -0.43550556881538099 0.002721695391369195 0.0013714115998594407 -0.00045352386662052328 0.00027327047960524787 0.005197642782385538 0.0006052080715986029 9.970783705962463e-05 -0.31607895054400414 0.00011268624106294559 0.00074315566752878833 -0.32802350959607574 -0.0001024427205955309 -7.8908704214048698e-05 -0.34612704746510553 0.010451038096704146 0.00080838802200729957 -0.0031608540216157464 0.0051306556000461573 -0.38446212574292593 -0.0013775599632126012 -7.1966169736591612e-05 0.00074602520228109659 0.00019769468847915812 -0.001695205351753142 -0.00075413982810943435 3.0930361255042614e-05 -0.00055718390287558327 0.47296232933701926 -0.0001319829652089457 -0.00018315448204661726 -0.0010095069973098995 -5.2000938525243311e-05 0.64494006013088778 0.00013599166878249712 -0.41650589237275032 0.30452506760010228 0.0014473441843361838 0.00030680927921375082 5.5127379982510913e-05 -4.7091107896142636e-05 -0.00549375300795623 0.00054672203173112481 -0.39257353289431196 -0.00023938021804590479 0.00031301471138844779 0.006755822574459649 -0.00066725342604903744 -0.0019338059133229037 0.00055064477115728699





# name: errors
# type: matrix
# rows: 500
# columns: 1
 0.15748858929144655
 0.070614960008073172
 0.051932345064523974
 0.042847833486517571
 0.038062975451234909
 0.035156449816967132
 0.033120492469345376
 0.031552069977709589
 0.030275152965747149
 0.029202957043949502
 0.028287339826172372
 0.027498550246194051
 0.026816058688489238
 0.026223978499750729
 0.02570881851525144
 0.025258563628636609
 0.024862450574150773
 0.024511011400819554
 0.024196143217389623
 0.023911107609082469
 0.023650447563692445
 0.023409844162644369
 0.023185940982438404
 0.022976158474289986
 0.02277851317602142
 0.022591451055924153
 0.02241370084462193
 0.022244150880013674
 0.022081750818493048
 0.021925437224648823
 0.021774079834764017
 0.021626443753968588
 0.021481162418338043
 0.021336716926418722
 0.021191419120227074
 0.021043398232890601
 0.020890593663714509
 0.020730759156194691
 0.020561485985169478
 0.020380254287850817
 0.020184521947632508
 0.019971859107121414
 0.019740133371560619
 0.019487746276165455
 0.019213915678016575
 0.018918990275677599
 0.018604768297907675
 0.018274768514789305
 0.017934368760509575
 0.017590699371328618
 0.017252187527265653
 0.016927725216854525
 0.016625574592952871
 0.016352266537382702
 0.016111798237021056
 0.015905345042184525
 0.015731515257633909
 0.015586998869105664
 0.01546737679141371
 0.015367878305785154
 0.015283956361148428
 0.015211639490164101
 0.015147683347809688
 0.015089576659699693
 0.015035461630247632
 0.014984018091360877
 0.014934343939586918
 0.014885848856460639
 0.014838167322183959
 0.014791090826497336
 0.014744516649855816
 0.014698410047433863
 0.014652776951846793
 0.014607644796152291
 0.014563049511404339
 0.014519027127350892
 0.01447560871580446
 0.014432817682401533
 0.014390668642584203
 0.014349167313331159
 0.014308311013315986
 0.014268089491914687
 0.014228485904897722
 0.014189477826195654
 0.014151038235789419
 0.014113136458297735
 0.014075739049284367
 0.014038810639896251
 0.014002314757504533
 0.013966214642090677
 0.013930474076105842
 0.013895058239872972
 0.01385993459549373
 0.013825073789877778
 0.013790450552421814
 0.013756044546106431
 0.013721841114223598
 0.013687831851335425
 0.013654014919800212
 0.013620395035779545
 0.013586983063746895
 0.013553795186937369
 0.013520851660870454
 0.013488175202860444
 0.013455789114592902
 0.013423715268785155
 0.0133919721073999
 0.013360572794069134
 0.013329523638235256
 0.013298822868469286
 0.013268459785863674
 0.013238414284311221
 0.013208656690206393
 0.013179147853840823
 0.013149839419215823
 0.01312067420597951
 0.013091586652816997
 0.013062503291511433
 0.013033343241176013
 0.013004018729985986
 0.012974435665412261
 0.012944494282760675
 0.012914089905734189
 0.01288311385214864
 0.012851454513416675
 0.012818998628601221
 0.01278563276337159
 0.012751244991735302
 0.012715726764652831
 0.012678974935288048
 0.012640893896408522
 0.012601397771984711
 0.012560412592921755
 0.012517878376620046
 0.01247375102226608
 0.012428003929153088
 0.012380629244969382
 0.01233163865621246
 0.012281063645107882
 0.012228955157678516
 0.012175382656015742
 0.012120432562988569
 0.012064206146623053
 0.012006816929976691
 0.01194838774593446
 0.011889047581090405
 0.011828928366499495
 0.011768161875260237
 0.011706876878805264
 0.011645196697220053
 0.011583237255343954
 0.011521105726551649
 0.011458899810249687
 0.011396707647947434
 0.011334608338290321
 0.011272672967400805
 0.011210966032281555
 0.0111495471071053
 0.011088472588969112
 0.011027797362895591
 0.010967576244625373
 0.010907865090852833
 0.010848721505340964
 0.010790205110733772
 0.010732377395253756
 0.010675301177258754
 0.010619039756515078
 0.01056365583791934
 0.010509210321193585
 0.010455761049526092
 0.010403361602543298
 0.010352060206068577
 0.010301898814713275
 0.010252912405311237
 0.010205128501243266
 0.010158566931189859
 0.010113239811820413
 0.010069151732977793
 0.010026300116277151
 0.0099846757135995425
 0.0099442632103824806
 0.0099050418993866934
 0.0098669863931853327
 0.0098300673474053888
 0.0097942521712320076
 0.0097595057064257303
 0.009725790860753215
 0.0096930691860493343
 0.0096613013949489145
 0.0096304478135670682
 0.0096004687700407283
 0.0095713249208899329
 0.0095429775186620224
 0.0095153886253504794
 0.0094885212767085447
 0.0094623396028763983
 0.0094368089107859827
 0.0094118957336590502
 0.0093875678526320356
 0.0093637942951692553
 0.0093405453145054464
 0.0093177923539171682
 0.0092955079991838621
 0.0092736659221797461
 0.0092522408181470294
 0.0092312083388461103
 0.0092105450234612665
 0.0091902282288610759
 0.0091702360605680384
 0.0091505473055790796
 0.0091311413679896047
 0.0091119982082072878
 0.0090930982863881432
 0.0090744225105837267
 0.0090559521899508267
 0.0090376689932374996
 0.0090195549126245739
 0.0090015922328648985
 0.0089837635055291347
 0.0089660515280365997
 0.0089484393270288162
 0.0089309101455360002
 0.0089134474332982858
 0.0088960348395399659
 0.0088786562074597009
 0.0088612955696968868
 0.0088439371440637796
 0.0088265653288958201
 0.008809164697462471
 0.0087917199909954662
 0.0087742161100209382
 0.0087566381038196861
 0.0087389711579760037
 0.0087212005801013005
 0.0087033117839291855
 0.008685290272063809
 0.0086671216177250932
 0.008648791445867221
 0.0086302854140554528
 0.0086115891934719253
 0.0085926884503898168
 0.0085735688284119468
 0.0085542159317208103
 0.0085346153095378942
 0.0085147524419447208
 0.0084946127271818515
 0.0084741814705151346
 0.0084534438747448613
 0.0084323850324307115
 0.0084109899199165828
 0.0083892433932592162
 0.0083671301861977347
 0.0083446349103420379
 0.0083217420578103139
 0.0082984360066086955
 0.008274701029121475
 0.0082505213041723594
 0.0082258809332294743
 0.0082007639614657402
 0.0081751544045595287
 0.008149036282336793
 0.008122393660625931
 0.0080952107030310017
 0.008067471734740702
 0.0080391613209893492
 0.0080102643633828494
 0.0079807662180016205
 0.0079506528399936899
 0.00791991096026173
 0.0078885283008027756
 0.0078564938362279662
 0.0078237981098976204
 0.0077904336138371541
 0.0077563952419927593
 0.0077216808262245001
 0.0076862917634414971
 0.007650233740115862
 0.0076135175566726899
 0.0075761600485125336
 0.0075381850922643691
 0.0074996246749722629
 0.007460519990180773
 0.0074209225085771109
 0.0073808949528289718
 0.0073405120881693525
 0.0072998612247093921
 0.0072590423179359539
 0.0072181675545692717
 0.0071773603261208341
 0.0071367535252307105
 0.0070964871508451726
 0.0070567052744259975
 0.007017552493110763
 0.0069791700656090666
 0.0069416919793130628
 0.0069052412207947986
 0.0068699265097920768
 0.006835839709733481
 0.006803054054367084
 0.0067716232441306012
 0.0067415813829839943
 0.0067129436592949614
 0.0066857076303969351
 0.0066598549509396653
 0.0066353533866049565
 0.0066121589709952026
 0.0065902181878830287
 0.0065694700879504525
 0.0065498482747946311
 0.0065312827172084335
 0.0065137013627869994
 0.006497031541852584
 0.0064812011610488754
 0.0064661396933941078
 0.0064517789767263092
 0.0064380538358541628
 0.0064249025457539348
 0.0064122671541449435
 0.0064000936819706197
 0.0063883322198982706
 0.006376936938080508
 0.0063658660252218077
 0.0063550815715734416
 0.006344549408931738
 0.0063342389191149645
 0.0063241228208068927
 0.0063141769431288072
 0.0063043799928723379
 0.0062947133210189713
 0.0062851606930000121
 0.006275708066122032
 0.0062663433766946327
 0.0062570563386437619
 0.0062478382547678677
 0.006238681841281235
 0.006229581065878626
 0.0062205309992343092
 0.0062115276796032024
 0.0062025679900119014
 0.00619364954740008
 0.0061847706029899523
 0.0061759299531133219
 0.0061671268597055916
 0.0061583609796770919
 0.0061496323023895773
 0.0061409410944941595
 0.0061322878514247694
 0.0061236732548828098
 0.0061150981356948167
 0.0061065634414712222
 0.0060980702085413471
 0.0060896195376852003
 0.0060812125732268279
 0.0060728504850957087
 0.0060645344535018462
 0.006056265655906919
 0.0060480452560074047
 0.0060398743944770289
 0.0060317541812438969
 0.0060236856891032605
 0.0060156699484909711
 0.0060077079432626721
 0.0059998006073432109
 0.0059919488221276051
 0.0059841534145296353
 0.0059764151555876267
 0.0059687347595490589
 0.0059611128833655328
 0.0059535501265394093
 0.0059460470312710113
 0.0059386040828628209
 0.0059312217103425803
 0.0059239002872733121
 0.0059166401327223209
 0.0059094415123653685
 0.0059023046397056805
 0.0058952296773903462
 0.0058882167386089916
 0.0058812658885618171
 0.0058743771459857652
 0.005867550484729183
 0.0058607858353661273
 0.0058540830868431251
 0.0058474420881512923
 0.0058408626500179436
 0.0058343445466119605
 0.005827887517257887
 0.0058214912681539745
 0.0058151554740895296
 0.0058088797801575205
 0.0058026638034582266
 0.005796507134790089
 0.0057904093403241359
 0.0057843699632582285
 0.0057783885254479236
 0.0057724645290105868
 0.0057665974578996401
 0.0057607867794461504
 0.0057550319458648342
 0.0057493323957220396
 0.0057436875553633308
 0.0057380968402985216
 0.0057325596565421071
 0.0057270754019076199
 0.0057216434672540742
 0.0057162632376836003
 0.0057109340936890062
 0.0057056554122504625
 0.0057004265678807847
 0.0056952469336190954
 0.0056901158819724464
 0.0056850327858055478
 0.005679997019179134
 0.0056750079581369215
 0.00567006498144233
 0.0056651674712651428
 0.0056603148138197456
 0.0056555063999552749
 0.0056507416256995052
 0.0056460198927573198
 0.00564134060896547
 0.0056367031887048667
 0.0056321070532721201
 0.005627551631211875
 0.0056230363586115256
 0.0056185606793601505
 0.0056141240453731053
 0.0056097259167843224
 0.0056053657621077616
 0.0056010430583698029
 0.005596757291214326
 0.0055925079549821255
 0.0055882945527662067
 0.0055841165964447244
 0.005579973606693019
 0.0055758651129763645
 0.0055717906535248368
 0.0055677497752916359
 0.0055637420338966103
 0.0055597669935557427
 0.0055558242269984409
 0.005551913315373325
 0.0055480338481440836
 0.005544185422976195
 0.0055403676456156738
 0.0055365801297608489
 0.0055328224969279204
 0.0055290943763114525
 0.0055253954046402647
 0.005521725226029812
 0.0055180834918313335
 0.0055144698604790779
 0.0055108839973353968
 0.0055073255745350233
 0.0055037942708284354
 0.0055002897714252277
 0.0054968117678377507
 0.0054933599577252704
 0.005489934044739248
 0.0054865337383699468
 0.0054831587537946154
 0.0054798088117275438
 0.0054764836382723194
 0.0054731829647762902
 0.0054699065276875777
 0.0054666540684146859
 0.0054634253331889426
 0.0054602200729297317
 0.0054570380431127946
 0.0054538790036415341
 0.0054507427187213678
 0.0054476289567374093
 0.0054445374901350412
 0.0054414680953039649
 0.0054384205524653029
 0.0054353946455618874
 0.005432390162151841
 0.0054294068933051888
 0.0054264446335036565
 0.0054235031805436431
 0.0054205823354420814
 0.0054176819023454672
 0.0054148016884417831
 0.0054119415038752306
 0.0054091011616639994
 0.0054062804776206421
 0.005403479270275297
 0.005400697360801435
 0.0053979345729442858
 0.0053951907329518036
 0.0053924656695079612
 0.0053897592136685143
 0.0053870711987991041
 0.0053844014605154839
 0.0053817498366260305
 0.0053791161670762736
 0.0053765002938955366
 0.0053739020611454124
 0.0053713213148703599
 0.0053687579030498849


# name: epochs
# type: scalar
500




