# Created by Octave 5.1.0, Mon May 13 03:02:41 2019 -03 <martin@MacBook-Pro-de-Martin.local>
# name: P
# type: global scalar struct
# ndims: 2
 1 1
# length: 14
# name: hiddenLayers
# type: matrix
# rows: 1
# columns: 3
 10 10 10


# name: inputs
# type: matrix
# rows: 2
# columns: 441
 0.94810000000000005 -1.8859999999999999 -2.7637999999999998 2.1128 1.3606 -1.1384000000000001 0.94810000000000005 2.2370000000000001 0.29330000000000001 -2.4849999999999999 0.29330000000000001 0.29330000000000001 2.8666 0.62690000000000001 -1.3664000000000001 2.6259000000000001 0 -2.7637999999999998 0 1.9628000000000001 0.94810000000000005 0 -2.4849999999999999 -1.8859999999999999 -0.59230000000000005 -0.59230000000000005 1.3606 0 0.62690000000000001 2.8666 -1.8859999999999999 -2.7637999999999998 2.1128 -1.1384000000000001 -2.7637999999999998 1.9628000000000001 2.6259000000000001 -1.8973 -0.59230000000000005 0.94810000000000005 -0.59230000000000005 -2.4849999999999999 1.9628000000000001 -0.27010000000000001 -2.4849999999999999 -0.94120000000000004 0.94810000000000005 1.9628000000000001 -2.9369000000000001 -2.9369000000000001 -2.7637999999999998 2.2370000000000001 1.1377999999999999 2.1128 2.2370000000000001 -1.8973 -1.3664000000000001 -1.3664000000000001 -0.27010000000000001 1.3606 0 2.6259000000000001 1.3606 2.6259000000000001 -1.3664000000000001 2.2370000000000001 2.6259000000000001 -1.8973 -0.59230000000000005 -2.4849999999999999 -2.9369000000000001 0.29330000000000001 0.29330000000000001 0 -2.7637999999999998 -2.9369000000000001 -1.8859999999999999 1.3606 2.2370000000000001 -0.94120000000000004 2.2370000000000001 2.8666 -0.59230000000000005 2.6259000000000001 0.94810000000000005 2.6259000000000001 1.3606 1.1377999999999999 1.9628000000000001 2.1128 0.62690000000000001 -1.3664000000000001 2.8666 2.6259000000000001 0.62690000000000001 -1.1384000000000001 -2.9369000000000001 0.62690000000000001 -2.4849999999999999 -0.94120000000000004 -2.9369000000000001 2.8666 -1.1384000000000001 0.62690000000000001 2.2370000000000001 -1.8859999999999999 2.1128 2.6259000000000001 0.62690000000000001 1.9628000000000001 0.29330000000000001 -1.3664000000000001 0.29330000000000001 -2.4849999999999999 -1.3664000000000001 -0.27010000000000001 1.9628000000000001 -2.7637999999999998 -1.8859999999999999 -1.8973 1.1377999999999999 0.62690000000000001 -0.94120000000000004 2.2370000000000001 2.2370000000000001 -0.27010000000000001 0.62690000000000001 2.1128 2.1128 -2.4849999999999999 -1.1384000000000001 0 -1.8973 -1.8859999999999999 -1.8973 0.62690000000000001 1.9628000000000001 -1.8973 0.29330000000000001 -1.8973 0.94810000000000005 0 2.2370000000000001 0.62690000000000001 -1.8973 -1.8859999999999999 2.8666 -1.8973 0.29330000000000001 -1.8973 1.9628000000000001 2.2370000000000001 0.94810000000000005 -0.27010000000000001 1.1377999999999999 -1.8859999999999999 0.29330000000000001 1.1377999999999999 0.29330000000000001 1.1377999999999999 -1.1384000000000001 0.94810000000000005 -1.3664000000000001 0.29330000000000001 2.8666 -1.8859999999999999 0.94810000000000005 -2.7637999999999998 1.1377999999999999 2.2370000000000001 -1.3664000000000001 -2.7637999999999998 -1.3664000000000001 -1.8859999999999999 -0.59230000000000005 -0.59230000000000005 -0.59230000000000005 0 0.29330000000000001 -0.27010000000000001 -1.3664000000000001 2.6259000000000001 1.3606 2.2370000000000001 -0.27010000000000001 -2.4849999999999999 2.1128 -2.4849999999999999 0.94810000000000005 2.1128 -1.1384000000000001 -0.94120000000000004 2.2370000000000001 -1.1384000000000001 -1.1384000000000001 0 1.3606 -0.59230000000000005 0 1.1377999999999999 2.8666 -1.1384000000000001 -0.27010000000000001 -0.27010000000000001 2.1128 -2.7637999999999998 -2.4849999999999999 -0.27010000000000001 2.1128 0.62690000000000001 -0.94120000000000004 1.9628000000000001 -0.94120000000000004 -1.8973 -1.8973 2.2370000000000001 -0.27010000000000001 2.8666 -1.8973 2.1128 -2.7637999999999998 1.9628000000000001 -0.94120000000000004 1.3606 1.9628000000000001 1.9628000000000001 1.1377999999999999 -2.9369000000000001 -1.8859999999999999 2.6259000000000001 1.3606 -1.8973 -2.7637999999999998 0 -0.94120000000000004 -0.59230000000000005 2.1128 2.2370000000000001 -0.59230000000000005 -0.94120000000000004 2.2370000000000001 1.1377999999999999 2.1128 -0.27010000000000001 -1.8859999999999999 0 0.62690000000000001 2.8666 1.3606 0.29330000000000001 -1.1384000000000001 0.62690000000000001 2.1128 2.1128 1.3606 -1.8973 -2.4849999999999999 0.29330000000000001 0.62690000000000001 -2.4849999999999999 -0.94120000000000004 1.3606 -2.7637999999999998 -2.7637999999999998 2.8666 -0.59230000000000005 -2.7637999999999998 -1.8859999999999999 -0.27010000000000001 1.3606 -2.9369000000000001 1.1377999999999999 1.1377999999999999 1.9628000000000001 0.94810000000000005 2.6259000000000001 -0.27010000000000001 -2.9369000000000001 -1.3664000000000001 2.6259000000000001 1.3606 -2.9369000000000001 2.8666 1.9628000000000001 -0.94120000000000004 -2.9369000000000001 0.94810000000000005 -0.59230000000000005 1.3606 -1.8973 -2.4849999999999999 -1.8973 0.94810000000000005 0.62690000000000001 -1.3664000000000001 1.3606 -1.8859999999999999 -0.94120000000000004 -1.8859999999999999 -0.59230000000000005 0.94810000000000005 -2.4849999999999999 -2.7637999999999998 0.29330000000000001 2.8666 -1.8973 1.1377999999999999 -0.94120000000000004 0.29330000000000001 -2.9369000000000001 -0.94120000000000004 -2.9369000000000001 2.6259000000000001 -0.59230000000000005 2.1128 -2.9369000000000001 0.94810000000000005 2.8666 -2.4849999999999999 2.6259000000000001 -1.1384000000000001 2.8666 -2.9369000000000001 0 -0.94120000000000004 -1.1384000000000001 -0.59230000000000005 -2.4849999999999999 0.29330000000000001 -0.94120000000000004 2.1128 -1.1384000000000001 -1.3664000000000001 0 0.29330000000000001 2.6259000000000001 -0.27010000000000001 -2.7637999999999998 -1.1384000000000001 2.6259000000000001 2.8666 -1.1384000000000001 0.62690000000000001 -0.27010000000000001 -0.59230000000000005 -0.27010000000000001 -1.1384000000000001 2.8666 -0.94120000000000004 -0.27010000000000001 -1.8973 2.6259000000000001 -0.94120000000000004 0.62690000000000001 1.9628000000000001 1.9628000000000001 -1.1384000000000001 1.9628000000000001 -2.9369000000000001 0.62690000000000001 2.8666 -2.4849999999999999 -2.7637999999999998 -0.27010000000000001 0.94810000000000005 0 -2.4849999999999999 -0.94120000000000004 -1.1384000000000001 -0.59230000000000005 1.3606 1.3606 1.1377999999999999 0 1.3606 1.1377999999999999 1.1377999999999999 0 -1.3664000000000001 -1.8859999999999999 -0.27010000000000001 2.1128 -1.1384000000000001 1.1377999999999999 1.1377999999999999 2.2370000000000001 1.9628000000000001 -1.3664000000000001 0.29330000000000001 -1.8973 1.9628000000000001 -2.9369000000000001 -1.1384000000000001 2.1128 -2.7637999999999998 0 2.1128 -0.94120000000000004 2.8666 -1.8859999999999999 0.94810000000000005 -2.7637999999999998 -1.3664000000000001 -1.3664000000000001 0.94810000000000005 -1.8859999999999999 2.8666 2.6259000000000001 2.2370000000000001 -2.4849999999999999 -2.4849999999999999 0.62690000000000001 -1.3664000000000001 -1.8859999999999999 1.3606 -1.3664000000000001 2.6259000000000001 -2.9369000000000001 2.8666 0.94810000000000005 1.1377999999999999 0.62690000000000001 2.2370000000000001 -0.59230000000000005 0.29330000000000001 -2.9369000000000001 -2.7637999999999998 -1.8859999999999999 -2.9369000000000001 -1.3664000000000001 1.1377999999999999 1.1377999999999999 0 0.94810000000000005 2.6259000000000001 -2.9369000000000001 -0.59230000000000005 0 2.2370000000000001 -0.27010000000000001 1.9628000000000001
 -2.7761 -1.3962000000000001 0 -1.9031 1.7444999999999999 0.3226 2.8027000000000002 -0.88419999999999999 0.55110000000000003 -2.2170999999999998 -3.0484 -1.9031 2.0432999999999999 -3.0484 -0.2792 1.7444999999999999 -1.3024 -0.2792 -2.2170999999999998 2.0432999999999999 -0.2792 -1.9031 2.8027000000000002 -3.0484 0 -3.0484 -3.0484 -1.3962000000000001 -0.2792 1.7444999999999999 0.55110000000000003 -0.88419999999999999 -0.2792 1.7444999999999999 -2.7761 -2.2170999999999998 0.55110000000000003 2.8027000000000002 -0.88419999999999999 0.3226 1.2464 -1.7930999999999999 -1.3962000000000001 -2.2170999999999998 -0.2792 0.3226 1.4013 -0.2792 1.2464 2.9243000000000001 2.0432999999999999 -1.9031 -2.2170999999999998 -1.3024 -0.2792 0 -0.88419999999999999 2.8027000000000002 -1.3024 2.3239999999999998 1.2464 -2.2170999999999998 0.55110000000000003 2.9243000000000001 -1.7930999999999999 -3.0484 0.3226 -2.7761 1.7444999999999999 1.7444999999999999 -0.58850000000000002 -1.7930999999999999 -1.3024 0.86990000000000001 2.9243000000000001 -3.0484 -2.7761 -2.7761 0.55110000000000003 1.7444999999999999 -2.2170999999999998 -1.9031 2.0432999999999999 -1.7930999999999999 -1.3024 0.86990000000000001 2.0432999999999999 2.3239999999999998 2.3239999999999998 -1.7930999999999999 0.86990000000000001 2.0432999999999999 -1.3962000000000001 -1.3024 -2.2170999999999998 2.9243000000000001 -2.7761 0 -2.7761 -1.3962000000000001 -1.9031 1.4013 -3.0484 2.0432999999999999 1.7444999999999999 -1.7930999999999999 -1.3962000000000001 -1.3962000000000001 2.9243000000000001 0.3226 -2.2170999999999998 -0.58850000000000002 2.3239999999999998 0.3226 0.86990000000000001 -3.0484 -3.0484 -1.7930999999999999 -1.9031 2.9243000000000001 2.9243000000000001 2.3239999999999998 -0.2792 2.0432999999999999 -0.58850000000000002 0 1.4013 0.55110000000000003 1.4013 -1.3024 0.86990000000000001 2.8027000000000002 -1.3962000000000001 -0.2792 -0.88419999999999999 -0.88419999999999999 -2.7761 1.4013 1.2464 -1.3024 0.86990000000000001 -1.7930999999999999 0.86990000000000001 0.3226 -1.7930999999999999 2.9243000000000001 -3.0484 -1.9031 -0.58850000000000002 1.7444999999999999 -0.88419999999999999 -1.3962000000000001 1.7444999999999999 1.2464 -3.0484 0.3226 0.86990000000000001 1.4013 -0.88419999999999999 2.8027000000000002 0 -2.2170999999999998 2.9243000000000001 -0.2792 2.8027000000000002 -0.88419999999999999 -1.3962000000000001 1.7444999999999999 -0.58850000000000002 0.3226 -2.2170999999999998 2.3239999999999998 -3.0484 1.2464 2.8027000000000002 -1.3024 -1.7930999999999999 1.7444999999999999 2.0432999999999999 0.3226 0.3226 2.8027000000000002 -0.2792 -1.7930999999999999 -1.9031 0.86990000000000001 -0.58850000000000002 -3.0484 -3.0484 2.9243000000000001 0.55110000000000003 2.0432999999999999 2.9243000000000001 -1.3962000000000001 -1.3024 -0.2792 -1.7930999999999999 2.9243000000000001 2.9243000000000001 -0.88419999999999999 0.86990000000000001 2.3239999999999998 -0.58850000000000002 -0.2792 1.2464 2.8027000000000002 -0.88419999999999999 -1.7930999999999999 -2.2170999999999998 -1.3024 0.86990000000000001 0.55110000000000003 0.55110000000000003 -2.2170999999999998 0.3226 2.3239999999999998 -0.88419999999999999 -1.7930999999999999 -0.2792 2.8027000000000002 -0.58850000000000002 0 0 2.9243000000000001 1.2464 1.7444999999999999 -1.3962000000000001 1.4013 2.3239999999999998 0 -0.88419999999999999 -3.0484 -1.3024 0 -1.3024 -0.58850000000000002 2.0432999999999999 -1.3024 -2.7761 -1.7930999999999999 0 0.86990000000000001 1.7444999999999999 2.9243000000000001 -0.58850000000000002 2.0432999999999999 1.2464 1.2464 -1.9031 2.8027000000000002 -1.7930999999999999 1.7444999999999999 -0.88419999999999999 -3.0484 -0.58850000000000002 1.2464 2.9243000000000001 0.3226 -1.3962000000000001 0 -0.58850000000000002 -1.3024 -1.3962000000000001 1.4013 0.3226 -1.9031 1.2464 0.86990000000000001 2.3239999999999998 1.2464 -2.2170999999999998 -1.3024 1.2464 -1.7930999999999999 2.9243000000000001 -2.7761 1.7444999999999999 -1.3024 1.4013 -1.9031 -2.2170999999999998 -0.2792 -0.2792 2.8027000000000002 2.9243000000000001 -1.3962000000000001 -1.9031 -2.2170999999999998 0.86990000000000001 -0.58850000000000002 1.2464 2.3239999999999998 0 -0.58850000000000002 2.3239999999999998 1.4013 -1.3024 2.3239999999999998 -2.2170999999999998 -1.3962000000000001 -0.88419999999999999 1.4013 0.86990000000000001 -2.7761 -1.3024 2.0432999999999999 -0.2792 2.8027000000000002 -1.3962000000000001 -1.7930999999999999 -3.0484 0.86990000000000001 -0.88419999999999999 2.3239999999999998 2.3239999999999998 0.55110000000000003 0.55110000000000003 -0.88419999999999999 2.3239999999999998 2.0432999999999999 -1.9031 0.55110000000000003 2.3239999999999998 0.55110000000000003 1.4013 -0.88419999999999999 0.3226 -1.3962000000000001 0 -1.9031 0 1.4013 0 1.4013 1.4013 2.3239999999999998 2.0432999999999999 -1.9031 1.2464 -3.0484 -2.2170999999999998 -2.2170999999999998 0.55110000000000003 -1.3962000000000001 -0.2792 0.86990000000000001 -0.2792 2.9243000000000001 1.2464 0.55110000000000003 0.86990000000000001 1.2464 -2.2170999999999998 -1.7930999999999999 2.9243000000000001 1.4013 2.0432999999999999 0.86990000000000001 2.8027000000000002 -1.9031 0 -1.9031 0.55110000000000003 1.4013 2.3239999999999998 0.3226 2.0432999999999999 -0.88419999999999999 2.8027000000000002 0.86990000000000001 0 2.8027000000000002 0.55110000000000003 -0.58850000000000002 -1.3962000000000001 -1.9031 1.7444999999999999 -0.88419999999999999 -1.9031 0 -2.7761 0.3226 -2.7761 -1.7930999999999999 0.3226 2.8027000000000002 -1.3024 -1.3024 2.9243000000000001 0.55110000000000003 -0.58850000000000002 -0.88419999999999999 -0.58850000000000002 -2.7761 -2.2170999999999998 -3.0484 0.86990000000000001 -2.7761 -0.58850000000000002 2.0432999999999999 -1.7930999999999999 0.3226 0.55110000000000003 1.2464 -0.58850000000000002 1.7444999999999999 2.3239999999999998 1.4013 -2.7761 -0.58850000000000002 0.55110000000000003 2.8027000000000002 -1.3962000000000001 2.8027000000000002 0.3226 -2.7761 -0.58850000000000002 1.7444999999999999 -2.7761 1.2464 2.0432999999999999 -2.7761 1.2464 0.55110000000000003 1.7444999999999999 0.3226 -3.0484 1.4013 2.0432999999999999 1.7444999999999999 -2.7761 0 2.3239999999999998 2.0432999999999999 -0.2792 0 1.4013 -2.7761 1.4013 2.8027000000000002 -1.9031


# name: outputs
# type: matrix
# rows: 1
# columns: 441
 0.0453 0.0016000000000000001 0.016400000000000001 0.1246 0.0023999999999999998 0.63109999999999999 0.00080000000000000004 0.19239999999999999 0.2036 0 0.0086 0.27379999999999999 0 0.0135 0.15740000000000001 0 0.34539999999999998 0.0080000000000000002 0.076799999999999993 0.0001 0.60940000000000005 0.17180000000000001 0.0045999999999999999 0 0.30940000000000001 0.0011999999999999999 0.012500000000000001 0.29320000000000002 0.51319999999999999 0 0.36430000000000001 0.0012999999999999999 0.17929999999999999 0.6079 0 0.083000000000000004 0.0061000000000000004 0.0161 0.099699999999999997 0.17319999999999999 0.79490000000000005 0 0.30509999999999998 0.043499999999999997 0.022499999999999999 0.66290000000000004 0.023699999999999999 0.24410000000000001 0.023199999999999998 0.00050000000000000001 0.0144 0.1041 0.2205 0.24229999999999999 0.12740000000000001 0.17560000000000001 0.029000000000000001 0.031199999999999999 0.18010000000000001 0.00059999999999999995 0.3518 0.016500000000000001 0.074700000000000003 0 0.0022000000000000001 0.0033999999999999998 0.0117 0 0.46889999999999998 0.059200000000000003 0.0020999999999999999 0.3362 0.57199999999999995 0.39560000000000001 0.0011000000000000001 0 0 0.038800000000000001 0.0178 0.62139999999999995 0.046300000000000001 0.0135 0.30790000000000001 0.040500000000000001 0.93130000000000002 0.002 0.0012999999999999999 0.0016999999999999999 0 0.14080000000000001 0.091399999999999995 0.2848 0.027099999999999999 0.070400000000000004 0.20399999999999999 0.0258 0 0.318 0 0.021499999999999998 0 0.0001 0.00020000000000000001 0.021899999999999999 0.0001 0.00029999999999999997 0.2601 0.060100000000000001 0.0019 0.068199999999999997 0.1313 0.074200000000000002 0.029700000000000001 0.073899999999999993 0.90249999999999997 0.0028 0.0063 0 0.00020000000000000001 0.0118 0.00020000000000000001 0.012800000000000001 0.22559999999999999 0 0.1855 0.31419999999999998 0.064000000000000001 0.0276 0.001 0.00059999999999999995 0.88780000000000003 0.012999999999999999 0.0018 0.085300000000000001 0.0121 0.85860000000000003 0.017999999999999999 0.39129999999999998 0.1918 0.0023999999999999998 0.056099999999999997 0.20549999999999999 0.0067999999999999996 0.20910000000000001 0.00029999999999999997 0.0118 0.00050000000000000001 0.00020000000000000001 0.51700000000000002 0.27760000000000001 0.40300000000000002 0.16800000000000001 0.0129 0.5383 0.0141 0.28089999999999998 0.21879999999999999 0.0109 0.62029999999999996 0.00040000000000000002 0.3805 0.23430000000000001 0.02 0.38619999999999999 0 0.012500000000000001 0.79249999999999998 0.024400000000000002 0.75600000000000001 0.038399999999999997 0.00089999999999999998 0.0073000000000000001 0.0001 0.46550000000000002 0.034599999999999999 0.070000000000000007 0.0402 0.1983 0.061199999999999997 0.39979999999999999 0.55379999999999996 0 0.51380000000000003 0.1086 0.094899999999999998 0.1113 0.24060000000000001 0 0.016199999999999999 0 0.83679999999999999 0.31609999999999999 0 0.013100000000000001 0.0135 0.2828 0.45729999999999998 0.0195 0.0091999999999999998 1.0552999999999999 0.001 0.1699 0.22600000000000001 0.2281 0.0018 0.0018 0.0033 0.1134 0.063600000000000004 0.82609999999999995 0.95340000000000003 0.033099999999999997 0.88119999999999998 0.0001 0.29670000000000002 0 0.21379999999999999 0.015699999999999999 0.095799999999999996 0 0.0037000000000000002 0.13420000000000001 0.38279999999999997 0.0001 0.0025999999999999999 0.00029999999999999997 0.88749999999999996 0.021399999999999999 0.078600000000000003 0.0241 0.79500000000000004 0 0.00020000000000000001 0.28739999999999999 0.025399999999999999 0.12429999999999999 0.0001 0.1993 0.0033999999999999998 0.0115 0.085199999999999998 0.042700000000000002 0.00020000000000000001 0.013599999999999999 0.039399999999999998 0.1321 0.073800000000000004 0.00020000000000000001 0.40429999999999999 0.0067000000000000002 0.0054999999999999997 0.044999999999999998 0.27410000000000001 0.0040000000000000001 0.70530000000000004 0.45300000000000001 0.0027000000000000001 0.2394 0.72170000000000001 0.039199999999999999 0.1072 0.87549999999999994 0.0001 0.0344 0.0058999999999999999 0.0344 0.046100000000000002 0.48039999999999999 0.092700000000000005 0.0088999999999999999 0 0.84379999999999999 0.017500000000000002 0.21490000000000001 0.00050000000000000001 0.0030000000000000001 0.36049999999999999 0.0001 0.79610000000000003 0.029100000000000001 0.18490000000000001 0.0047000000000000002 0.018700000000000001 0 0.024199999999999999 0.0001 0.45500000000000002 0.017600000000000001 0.032099999999999997 0.034299999999999997 0.096299999999999997 0.079100000000000004 0.40350000000000003 0.78759999999999997 0.1656 0.0058999999999999999 0.0027000000000000001 0.1893 0.0001 0.075300000000000006 0.95979999999999999 0.0998 0.044600000000000001 0.024400000000000002 0.026499999999999999 0.15989999999999999 0.52990000000000004 0.036900000000000002 0.56310000000000004 0 0.00029999999999999997 0.0241 0.073999999999999996 0.1323 0 0.0178 0.1188 0.028500000000000001 0.0178 0 0.0050000000000000001 0.0028999999999999998 0.0043 0.30659999999999998 0.85360000000000003 0.036400000000000002 0.51919999999999999 0.00040000000000000002 0.28960000000000002 0.0109 0.1009 0.90669999999999995 0.31569999999999998 0.3392 0.17219999999999999 0 0.21310000000000001 0 0.88890000000000002 0.0011999999999999999 0.0064999999999999997 0.0025000000000000001 0.13439999999999999 0.18940000000000001 0.22950000000000001 0.54320000000000002 0.189 0 0.88239999999999996 0.45229999999999998 0.48139999999999999 0.00050000000000000001 0.0055999999999999999 0.43990000000000001 0 0.0012999999999999999 0.33679999999999999 0.012200000000000001 0.00089999999999999998 0.37840000000000001 0.0124 0 0.035499999999999997 0.45619999999999999 0.0041000000000000003 0.27039999999999997 0.034700000000000002 0.050799999999999998 0.040399999999999998 0.90039999999999998 0.33760000000000001 0.00020000000000000001 0.094299999999999995 0.36180000000000001 0.7298 0.4294 0.0064000000000000003 0.39579999999999999 0.0018 0.15210000000000001 0.0085000000000000006 0.053499999999999999 0.00040000000000000002 0.57320000000000004 0.1699 0 0.34470000000000001 0.0070000000000000001 0.0044000000000000003 0.38479999999999998 0.31409999999999999 0.00069999999999999999 0.0872 0.0121 0 0.0055999999999999999 0.0086 0.001 0.026499999999999999 0.14829999999999999 0.53549999999999998 0.026700000000000002 0.76790000000000003 0.86329999999999996 0.83340000000000003 0.2661 0 0.00020000000000000001 0.0085000000000000006 0.0080000000000000002 0.084099999999999994 0.0025999999999999999 0.0058999999999999999 0.0183 0.1628 0.00020000000000000001 0.056599999999999998 0.0126 0.0011999999999999999 0.027300000000000001 0.0038999999999999998 0.040399999999999998 0.0012999999999999999 0.67869999999999997 0.11609999999999999 0.014200000000000001 0 0.36940000000000001 0.0077999999999999996 0.47589999999999999 0.042599999999999999 0.34350000000000003 0.058200000000000002 0.0077000000000000002 0.039300000000000002 0.0080000000000000002 0.67930000000000001 0.0155 0.00080000000000000004 0.020899999999999998 0.16470000000000001


# name: eta
# type: scalar
3


# name: epsilon
# type: scalar
0.001


# name: process_type
# type: scalar
0


# name: variable_eta_flag
# type: bool
0


# name: variable_eta
# type: function handle
@<anonymous>
@(x) ((x > v_eta_min_value) * (x - v_eta_decrease_amount) + (x <= v_eta_min_value) * (v_eta_min_value))
# length: 2
# name: v_eta_decrease_amount
# type: scalar
1.9999999999999999e-06


# name: v_eta_min_value
# type: scalar
0.001




# name: activationFunction
# type: function handle
@<anonymous>
@(x) (1 / (1 + exp (-x)))


# name: activationFunctionDeriv
# type: function handle
@<anonymous>
@(x) (P.activationFunction (x) * (1 - P.activationFunction (x)))
# length: 1
# name: P
# type: scalar struct
# ndims: 2
 1 1
# length: 14
# name: hiddenLayers
# type: matrix
# rows: 1
# columns: 3
 10 10 10


# name: inputs
# type: matrix
# rows: 2
# columns: 441
 0.94810000000000005 -1.8859999999999999 -2.7637999999999998 2.1128 1.3606 -1.1384000000000001 0.94810000000000005 2.2370000000000001 0.29330000000000001 -2.4849999999999999 0.29330000000000001 0.29330000000000001 2.8666 0.62690000000000001 -1.3664000000000001 2.6259000000000001 0 -2.7637999999999998 0 1.9628000000000001 0.94810000000000005 0 -2.4849999999999999 -1.8859999999999999 -0.59230000000000005 -0.59230000000000005 1.3606 0 0.62690000000000001 2.8666 -1.8859999999999999 -2.7637999999999998 2.1128 -1.1384000000000001 -2.7637999999999998 1.9628000000000001 2.6259000000000001 -1.8973 -0.59230000000000005 0.94810000000000005 -0.59230000000000005 -2.4849999999999999 1.9628000000000001 -0.27010000000000001 -2.4849999999999999 -0.94120000000000004 0.94810000000000005 1.9628000000000001 -2.9369000000000001 -2.9369000000000001 -2.7637999999999998 2.2370000000000001 1.1377999999999999 2.1128 2.2370000000000001 -1.8973 -1.3664000000000001 -1.3664000000000001 -0.27010000000000001 1.3606 0 2.6259000000000001 1.3606 2.6259000000000001 -1.3664000000000001 2.2370000000000001 2.6259000000000001 -1.8973 -0.59230000000000005 -2.4849999999999999 -2.9369000000000001 0.29330000000000001 0.29330000000000001 0 -2.7637999999999998 -2.9369000000000001 -1.8859999999999999 1.3606 2.2370000000000001 -0.94120000000000004 2.2370000000000001 2.8666 -0.59230000000000005 2.6259000000000001 0.94810000000000005 2.6259000000000001 1.3606 1.1377999999999999 1.9628000000000001 2.1128 0.62690000000000001 -1.3664000000000001 2.8666 2.6259000000000001 0.62690000000000001 -1.1384000000000001 -2.9369000000000001 0.62690000000000001 -2.4849999999999999 -0.94120000000000004 -2.9369000000000001 2.8666 -1.1384000000000001 0.62690000000000001 2.2370000000000001 -1.8859999999999999 2.1128 2.6259000000000001 0.62690000000000001 1.9628000000000001 0.29330000000000001 -1.3664000000000001 0.29330000000000001 -2.4849999999999999 -1.3664000000000001 -0.27010000000000001 1.9628000000000001 -2.7637999999999998 -1.8859999999999999 -1.8973 1.1377999999999999 0.62690000000000001 -0.94120000000000004 2.2370000000000001 2.2370000000000001 -0.27010000000000001 0.62690000000000001 2.1128 2.1128 -2.4849999999999999 -1.1384000000000001 0 -1.8973 -1.8859999999999999 -1.8973 0.62690000000000001 1.9628000000000001 -1.8973 0.29330000000000001 -1.8973 0.94810000000000005 0 2.2370000000000001 0.62690000000000001 -1.8973 -1.8859999999999999 2.8666 -1.8973 0.29330000000000001 -1.8973 1.9628000000000001 2.2370000000000001 0.94810000000000005 -0.27010000000000001 1.1377999999999999 -1.8859999999999999 0.29330000000000001 1.1377999999999999 0.29330000000000001 1.1377999999999999 -1.1384000000000001 0.94810000000000005 -1.3664000000000001 0.29330000000000001 2.8666 -1.8859999999999999 0.94810000000000005 -2.7637999999999998 1.1377999999999999 2.2370000000000001 -1.3664000000000001 -2.7637999999999998 -1.3664000000000001 -1.8859999999999999 -0.59230000000000005 -0.59230000000000005 -0.59230000000000005 0 0.29330000000000001 -0.27010000000000001 -1.3664000000000001 2.6259000000000001 1.3606 2.2370000000000001 -0.27010000000000001 -2.4849999999999999 2.1128 -2.4849999999999999 0.94810000000000005 2.1128 -1.1384000000000001 -0.94120000000000004 2.2370000000000001 -1.1384000000000001 -1.1384000000000001 0 1.3606 -0.59230000000000005 0 1.1377999999999999 2.8666 -1.1384000000000001 -0.27010000000000001 -0.27010000000000001 2.1128 -2.7637999999999998 -2.4849999999999999 -0.27010000000000001 2.1128 0.62690000000000001 -0.94120000000000004 1.9628000000000001 -0.94120000000000004 -1.8973 -1.8973 2.2370000000000001 -0.27010000000000001 2.8666 -1.8973 2.1128 -2.7637999999999998 1.9628000000000001 -0.94120000000000004 1.3606 1.9628000000000001 1.9628000000000001 1.1377999999999999 -2.9369000000000001 -1.8859999999999999 2.6259000000000001 1.3606 -1.8973 -2.7637999999999998 0 -0.94120000000000004 -0.59230000000000005 2.1128 2.2370000000000001 -0.59230000000000005 -0.94120000000000004 2.2370000000000001 1.1377999999999999 2.1128 -0.27010000000000001 -1.8859999999999999 0 0.62690000000000001 2.8666 1.3606 0.29330000000000001 -1.1384000000000001 0.62690000000000001 2.1128 2.1128 1.3606 -1.8973 -2.4849999999999999 0.29330000000000001 0.62690000000000001 -2.4849999999999999 -0.94120000000000004 1.3606 -2.7637999999999998 -2.7637999999999998 2.8666 -0.59230000000000005 -2.7637999999999998 -1.8859999999999999 -0.27010000000000001 1.3606 -2.9369000000000001 1.1377999999999999 1.1377999999999999 1.9628000000000001 0.94810000000000005 2.6259000000000001 -0.27010000000000001 -2.9369000000000001 -1.3664000000000001 2.6259000000000001 1.3606 -2.9369000000000001 2.8666 1.9628000000000001 -0.94120000000000004 -2.9369000000000001 0.94810000000000005 -0.59230000000000005 1.3606 -1.8973 -2.4849999999999999 -1.8973 0.94810000000000005 0.62690000000000001 -1.3664000000000001 1.3606 -1.8859999999999999 -0.94120000000000004 -1.8859999999999999 -0.59230000000000005 0.94810000000000005 -2.4849999999999999 -2.7637999999999998 0.29330000000000001 2.8666 -1.8973 1.1377999999999999 -0.94120000000000004 0.29330000000000001 -2.9369000000000001 -0.94120000000000004 -2.9369000000000001 2.6259000000000001 -0.59230000000000005 2.1128 -2.9369000000000001 0.94810000000000005 2.8666 -2.4849999999999999 2.6259000000000001 -1.1384000000000001 2.8666 -2.9369000000000001 0 -0.94120000000000004 -1.1384000000000001 -0.59230000000000005 -2.4849999999999999 0.29330000000000001 -0.94120000000000004 2.1128 -1.1384000000000001 -1.3664000000000001 0 0.29330000000000001 2.6259000000000001 -0.27010000000000001 -2.7637999999999998 -1.1384000000000001 2.6259000000000001 2.8666 -1.1384000000000001 0.62690000000000001 -0.27010000000000001 -0.59230000000000005 -0.27010000000000001 -1.1384000000000001 2.8666 -0.94120000000000004 -0.27010000000000001 -1.8973 2.6259000000000001 -0.94120000000000004 0.62690000000000001 1.9628000000000001 1.9628000000000001 -1.1384000000000001 1.9628000000000001 -2.9369000000000001 0.62690000000000001 2.8666 -2.4849999999999999 -2.7637999999999998 -0.27010000000000001 0.94810000000000005 0 -2.4849999999999999 -0.94120000000000004 -1.1384000000000001 -0.59230000000000005 1.3606 1.3606 1.1377999999999999 0 1.3606 1.1377999999999999 1.1377999999999999 0 -1.3664000000000001 -1.8859999999999999 -0.27010000000000001 2.1128 -1.1384000000000001 1.1377999999999999 1.1377999999999999 2.2370000000000001 1.9628000000000001 -1.3664000000000001 0.29330000000000001 -1.8973 1.9628000000000001 -2.9369000000000001 -1.1384000000000001 2.1128 -2.7637999999999998 0 2.1128 -0.94120000000000004 2.8666 -1.8859999999999999 0.94810000000000005 -2.7637999999999998 -1.3664000000000001 -1.3664000000000001 0.94810000000000005 -1.8859999999999999 2.8666 2.6259000000000001 2.2370000000000001 -2.4849999999999999 -2.4849999999999999 0.62690000000000001 -1.3664000000000001 -1.8859999999999999 1.3606 -1.3664000000000001 2.6259000000000001 -2.9369000000000001 2.8666 0.94810000000000005 1.1377999999999999 0.62690000000000001 2.2370000000000001 -0.59230000000000005 0.29330000000000001 -2.9369000000000001 -2.7637999999999998 -1.8859999999999999 -2.9369000000000001 -1.3664000000000001 1.1377999999999999 1.1377999999999999 0 0.94810000000000005 2.6259000000000001 -2.9369000000000001 -0.59230000000000005 0 2.2370000000000001 -0.27010000000000001 1.9628000000000001
 -2.7761 -1.3962000000000001 0 -1.9031 1.7444999999999999 0.3226 2.8027000000000002 -0.88419999999999999 0.55110000000000003 -2.2170999999999998 -3.0484 -1.9031 2.0432999999999999 -3.0484 -0.2792 1.7444999999999999 -1.3024 -0.2792 -2.2170999999999998 2.0432999999999999 -0.2792 -1.9031 2.8027000000000002 -3.0484 0 -3.0484 -3.0484 -1.3962000000000001 -0.2792 1.7444999999999999 0.55110000000000003 -0.88419999999999999 -0.2792 1.7444999999999999 -2.7761 -2.2170999999999998 0.55110000000000003 2.8027000000000002 -0.88419999999999999 0.3226 1.2464 -1.7930999999999999 -1.3962000000000001 -2.2170999999999998 -0.2792 0.3226 1.4013 -0.2792 1.2464 2.9243000000000001 2.0432999999999999 -1.9031 -2.2170999999999998 -1.3024 -0.2792 0 -0.88419999999999999 2.8027000000000002 -1.3024 2.3239999999999998 1.2464 -2.2170999999999998 0.55110000000000003 2.9243000000000001 -1.7930999999999999 -3.0484 0.3226 -2.7761 1.7444999999999999 1.7444999999999999 -0.58850000000000002 -1.7930999999999999 -1.3024 0.86990000000000001 2.9243000000000001 -3.0484 -2.7761 -2.7761 0.55110000000000003 1.7444999999999999 -2.2170999999999998 -1.9031 2.0432999999999999 -1.7930999999999999 -1.3024 0.86990000000000001 2.0432999999999999 2.3239999999999998 2.3239999999999998 -1.7930999999999999 0.86990000000000001 2.0432999999999999 -1.3962000000000001 -1.3024 -2.2170999999999998 2.9243000000000001 -2.7761 0 -2.7761 -1.3962000000000001 -1.9031 1.4013 -3.0484 2.0432999999999999 1.7444999999999999 -1.7930999999999999 -1.3962000000000001 -1.3962000000000001 2.9243000000000001 0.3226 -2.2170999999999998 -0.58850000000000002 2.3239999999999998 0.3226 0.86990000000000001 -3.0484 -3.0484 -1.7930999999999999 -1.9031 2.9243000000000001 2.9243000000000001 2.3239999999999998 -0.2792 2.0432999999999999 -0.58850000000000002 0 1.4013 0.55110000000000003 1.4013 -1.3024 0.86990000000000001 2.8027000000000002 -1.3962000000000001 -0.2792 -0.88419999999999999 -0.88419999999999999 -2.7761 1.4013 1.2464 -1.3024 0.86990000000000001 -1.7930999999999999 0.86990000000000001 0.3226 -1.7930999999999999 2.9243000000000001 -3.0484 -1.9031 -0.58850000000000002 1.7444999999999999 -0.88419999999999999 -1.3962000000000001 1.7444999999999999 1.2464 -3.0484 0.3226 0.86990000000000001 1.4013 -0.88419999999999999 2.8027000000000002 0 -2.2170999999999998 2.9243000000000001 -0.2792 2.8027000000000002 -0.88419999999999999 -1.3962000000000001 1.7444999999999999 -0.58850000000000002 0.3226 -2.2170999999999998 2.3239999999999998 -3.0484 1.2464 2.8027000000000002 -1.3024 -1.7930999999999999 1.7444999999999999 2.0432999999999999 0.3226 0.3226 2.8027000000000002 -0.2792 -1.7930999999999999 -1.9031 0.86990000000000001 -0.58850000000000002 -3.0484 -3.0484 2.9243000000000001 0.55110000000000003 2.0432999999999999 2.9243000000000001 -1.3962000000000001 -1.3024 -0.2792 -1.7930999999999999 2.9243000000000001 2.9243000000000001 -0.88419999999999999 0.86990000000000001 2.3239999999999998 -0.58850000000000002 -0.2792 1.2464 2.8027000000000002 -0.88419999999999999 -1.7930999999999999 -2.2170999999999998 -1.3024 0.86990000000000001 0.55110000000000003 0.55110000000000003 -2.2170999999999998 0.3226 2.3239999999999998 -0.88419999999999999 -1.7930999999999999 -0.2792 2.8027000000000002 -0.58850000000000002 0 0 2.9243000000000001 1.2464 1.7444999999999999 -1.3962000000000001 1.4013 2.3239999999999998 0 -0.88419999999999999 -3.0484 -1.3024 0 -1.3024 -0.58850000000000002 2.0432999999999999 -1.3024 -2.7761 -1.7930999999999999 0 0.86990000000000001 1.7444999999999999 2.9243000000000001 -0.58850000000000002 2.0432999999999999 1.2464 1.2464 -1.9031 2.8027000000000002 -1.7930999999999999 1.7444999999999999 -0.88419999999999999 -3.0484 -0.58850000000000002 1.2464 2.9243000000000001 0.3226 -1.3962000000000001 0 -0.58850000000000002 -1.3024 -1.3962000000000001 1.4013 0.3226 -1.9031 1.2464 0.86990000000000001 2.3239999999999998 1.2464 -2.2170999999999998 -1.3024 1.2464 -1.7930999999999999 2.9243000000000001 -2.7761 1.7444999999999999 -1.3024 1.4013 -1.9031 -2.2170999999999998 -0.2792 -0.2792 2.8027000000000002 2.9243000000000001 -1.3962000000000001 -1.9031 -2.2170999999999998 0.86990000000000001 -0.58850000000000002 1.2464 2.3239999999999998 0 -0.58850000000000002 2.3239999999999998 1.4013 -1.3024 2.3239999999999998 -2.2170999999999998 -1.3962000000000001 -0.88419999999999999 1.4013 0.86990000000000001 -2.7761 -1.3024 2.0432999999999999 -0.2792 2.8027000000000002 -1.3962000000000001 -1.7930999999999999 -3.0484 0.86990000000000001 -0.88419999999999999 2.3239999999999998 2.3239999999999998 0.55110000000000003 0.55110000000000003 -0.88419999999999999 2.3239999999999998 2.0432999999999999 -1.9031 0.55110000000000003 2.3239999999999998 0.55110000000000003 1.4013 -0.88419999999999999 0.3226 -1.3962000000000001 0 -1.9031 0 1.4013 0 1.4013 1.4013 2.3239999999999998 2.0432999999999999 -1.9031 1.2464 -3.0484 -2.2170999999999998 -2.2170999999999998 0.55110000000000003 -1.3962000000000001 -0.2792 0.86990000000000001 -0.2792 2.9243000000000001 1.2464 0.55110000000000003 0.86990000000000001 1.2464 -2.2170999999999998 -1.7930999999999999 2.9243000000000001 1.4013 2.0432999999999999 0.86990000000000001 2.8027000000000002 -1.9031 0 -1.9031 0.55110000000000003 1.4013 2.3239999999999998 0.3226 2.0432999999999999 -0.88419999999999999 2.8027000000000002 0.86990000000000001 0 2.8027000000000002 0.55110000000000003 -0.58850000000000002 -1.3962000000000001 -1.9031 1.7444999999999999 -0.88419999999999999 -1.9031 0 -2.7761 0.3226 -2.7761 -1.7930999999999999 0.3226 2.8027000000000002 -1.3024 -1.3024 2.9243000000000001 0.55110000000000003 -0.58850000000000002 -0.88419999999999999 -0.58850000000000002 -2.7761 -2.2170999999999998 -3.0484 0.86990000000000001 -2.7761 -0.58850000000000002 2.0432999999999999 -1.7930999999999999 0.3226 0.55110000000000003 1.2464 -0.58850000000000002 1.7444999999999999 2.3239999999999998 1.4013 -2.7761 -0.58850000000000002 0.55110000000000003 2.8027000000000002 -1.3962000000000001 2.8027000000000002 0.3226 -2.7761 -0.58850000000000002 1.7444999999999999 -2.7761 1.2464 2.0432999999999999 -2.7761 1.2464 0.55110000000000003 1.7444999999999999 0.3226 -3.0484 1.4013 2.0432999999999999 1.7444999999999999 -2.7761 0 2.3239999999999998 2.0432999999999999 -0.2792 0 1.4013 -2.7761 1.4013 2.8027000000000002 -1.9031


# name: outputs
# type: matrix
# rows: 1
# columns: 441
 0.0453 0.0016000000000000001 0.016400000000000001 0.1246 0.0023999999999999998 0.63109999999999999 0.00080000000000000004 0.19239999999999999 0.2036 0 0.0086 0.27379999999999999 0 0.0135 0.15740000000000001 0 0.34539999999999998 0.0080000000000000002 0.076799999999999993 0.0001 0.60940000000000005 0.17180000000000001 0.0045999999999999999 0 0.30940000000000001 0.0011999999999999999 0.012500000000000001 0.29320000000000002 0.51319999999999999 0 0.36430000000000001 0.0012999999999999999 0.17929999999999999 0.6079 0 0.083000000000000004 0.0061000000000000004 0.0161 0.099699999999999997 0.17319999999999999 0.79490000000000005 0 0.30509999999999998 0.043499999999999997 0.022499999999999999 0.66290000000000004 0.023699999999999999 0.24410000000000001 0.023199999999999998 0.00050000000000000001 0.0144 0.1041 0.2205 0.24229999999999999 0.12740000000000001 0.17560000000000001 0.029000000000000001 0.031199999999999999 0.18010000000000001 0.00059999999999999995 0.3518 0.016500000000000001 0.074700000000000003 0 0.0022000000000000001 0.0033999999999999998 0.0117 0 0.46889999999999998 0.059200000000000003 0.0020999999999999999 0.3362 0.57199999999999995 0.39560000000000001 0.0011000000000000001 0 0 0.038800000000000001 0.0178 0.62139999999999995 0.046300000000000001 0.0135 0.30790000000000001 0.040500000000000001 0.93130000000000002 0.002 0.0012999999999999999 0.0016999999999999999 0 0.14080000000000001 0.091399999999999995 0.2848 0.027099999999999999 0.070400000000000004 0.20399999999999999 0.0258 0 0.318 0 0.021499999999999998 0 0.0001 0.00020000000000000001 0.021899999999999999 0.0001 0.00029999999999999997 0.2601 0.060100000000000001 0.0019 0.068199999999999997 0.1313 0.074200000000000002 0.029700000000000001 0.073899999999999993 0.90249999999999997 0.0028 0.0063 0 0.00020000000000000001 0.0118 0.00020000000000000001 0.012800000000000001 0.22559999999999999 0 0.1855 0.31419999999999998 0.064000000000000001 0.0276 0.001 0.00059999999999999995 0.88780000000000003 0.012999999999999999 0.0018 0.085300000000000001 0.0121 0.85860000000000003 0.017999999999999999 0.39129999999999998 0.1918 0.0023999999999999998 0.056099999999999997 0.20549999999999999 0.0067999999999999996 0.20910000000000001 0.00029999999999999997 0.0118 0.00050000000000000001 0.00020000000000000001 0.51700000000000002 0.27760000000000001 0.40300000000000002 0.16800000000000001 0.0129 0.5383 0.0141 0.28089999999999998 0.21879999999999999 0.0109 0.62029999999999996 0.00040000000000000002 0.3805 0.23430000000000001 0.02 0.38619999999999999 0 0.012500000000000001 0.79249999999999998 0.024400000000000002 0.75600000000000001 0.038399999999999997 0.00089999999999999998 0.0073000000000000001 0.0001 0.46550000000000002 0.034599999999999999 0.070000000000000007 0.0402 0.1983 0.061199999999999997 0.39979999999999999 0.55379999999999996 0 0.51380000000000003 0.1086 0.094899999999999998 0.1113 0.24060000000000001 0 0.016199999999999999 0 0.83679999999999999 0.31609999999999999 0 0.013100000000000001 0.0135 0.2828 0.45729999999999998 0.0195 0.0091999999999999998 1.0552999999999999 0.001 0.1699 0.22600000000000001 0.2281 0.0018 0.0018 0.0033 0.1134 0.063600000000000004 0.82609999999999995 0.95340000000000003 0.033099999999999997 0.88119999999999998 0.0001 0.29670000000000002 0 0.21379999999999999 0.015699999999999999 0.095799999999999996 0 0.0037000000000000002 0.13420000000000001 0.38279999999999997 0.0001 0.0025999999999999999 0.00029999999999999997 0.88749999999999996 0.021399999999999999 0.078600000000000003 0.0241 0.79500000000000004 0 0.00020000000000000001 0.28739999999999999 0.025399999999999999 0.12429999999999999 0.0001 0.1993 0.0033999999999999998 0.0115 0.085199999999999998 0.042700000000000002 0.00020000000000000001 0.013599999999999999 0.039399999999999998 0.1321 0.073800000000000004 0.00020000000000000001 0.40429999999999999 0.0067000000000000002 0.0054999999999999997 0.044999999999999998 0.27410000000000001 0.0040000000000000001 0.70530000000000004 0.45300000000000001 0.0027000000000000001 0.2394 0.72170000000000001 0.039199999999999999 0.1072 0.87549999999999994 0.0001 0.0344 0.0058999999999999999 0.0344 0.046100000000000002 0.48039999999999999 0.092700000000000005 0.0088999999999999999 0 0.84379999999999999 0.017500000000000002 0.21490000000000001 0.00050000000000000001 0.0030000000000000001 0.36049999999999999 0.0001 0.79610000000000003 0.029100000000000001 0.18490000000000001 0.0047000000000000002 0.018700000000000001 0 0.024199999999999999 0.0001 0.45500000000000002 0.017600000000000001 0.032099999999999997 0.034299999999999997 0.096299999999999997 0.079100000000000004 0.40350000000000003 0.78759999999999997 0.1656 0.0058999999999999999 0.0027000000000000001 0.1893 0.0001 0.075300000000000006 0.95979999999999999 0.0998 0.044600000000000001 0.024400000000000002 0.026499999999999999 0.15989999999999999 0.52990000000000004 0.036900000000000002 0.56310000000000004 0 0.00029999999999999997 0.0241 0.073999999999999996 0.1323 0 0.0178 0.1188 0.028500000000000001 0.0178 0 0.0050000000000000001 0.0028999999999999998 0.0043 0.30659999999999998 0.85360000000000003 0.036400000000000002 0.51919999999999999 0.00040000000000000002 0.28960000000000002 0.0109 0.1009 0.90669999999999995 0.31569999999999998 0.3392 0.17219999999999999 0 0.21310000000000001 0 0.88890000000000002 0.0011999999999999999 0.0064999999999999997 0.0025000000000000001 0.13439999999999999 0.18940000000000001 0.22950000000000001 0.54320000000000002 0.189 0 0.88239999999999996 0.45229999999999998 0.48139999999999999 0.00050000000000000001 0.0055999999999999999 0.43990000000000001 0 0.0012999999999999999 0.33679999999999999 0.012200000000000001 0.00089999999999999998 0.37840000000000001 0.0124 0 0.035499999999999997 0.45619999999999999 0.0041000000000000003 0.27039999999999997 0.034700000000000002 0.050799999999999998 0.040399999999999998 0.90039999999999998 0.33760000000000001 0.00020000000000000001 0.094299999999999995 0.36180000000000001 0.7298 0.4294 0.0064000000000000003 0.39579999999999999 0.0018 0.15210000000000001 0.0085000000000000006 0.053499999999999999 0.00040000000000000002 0.57320000000000004 0.1699 0 0.34470000000000001 0.0070000000000000001 0.0044000000000000003 0.38479999999999998 0.31409999999999999 0.00069999999999999999 0.0872 0.0121 0 0.0055999999999999999 0.0086 0.001 0.026499999999999999 0.14829999999999999 0.53549999999999998 0.026700000000000002 0.76790000000000003 0.86329999999999996 0.83340000000000003 0.2661 0 0.00020000000000000001 0.0085000000000000006 0.0080000000000000002 0.084099999999999994 0.0025999999999999999 0.0058999999999999999 0.0183 0.1628 0.00020000000000000001 0.056599999999999998 0.0126 0.0011999999999999999 0.027300000000000001 0.0038999999999999998 0.040399999999999998 0.0012999999999999999 0.67869999999999997 0.11609999999999999 0.014200000000000001 0 0.36940000000000001 0.0077999999999999996 0.47589999999999999 0.042599999999999999 0.34350000000000003 0.058200000000000002 0.0077000000000000002 0.039300000000000002 0.0080000000000000002 0.67930000000000001 0.0155 0.00080000000000000004 0.020899999999999998 0.16470000000000001


# name: eta
# type: scalar
3


# name: epsilon
# type: scalar
0.001


# name: process_type
# type: scalar
0


# name: variable_eta_flag
# type: bool
0


# name: variable_eta
# type: function handle
@<anonymous>
@(x) ((x > v_eta_min_value) * (x - v_eta_decrease_amount) + (x <= v_eta_min_value) * (v_eta_min_value))
# length: 2
# name: v_eta_decrease_amount
# type: scalar
1.9999999999999999e-06


# name: v_eta_min_value
# type: scalar
0.001




# name: activationFunction
# type: function handle
@<anonymous>
@(x) (1 / (1 + exp (-x)))


# name: activationFunctionDeriv
# type: function handle
@<anonymous>
@(x) (1 - tanh (x ^ 2))


# name: momentum
# type: scalar
0


# name: W
# type: cell
# rows: 1
# columns: 4
# name: <cell-element>
# type: matrix
# rows: 10
# columns: 3
 0.59399376941725279 0.31846043920844808 -0.0084640125533700702
 -0.16055187717568495 0.069224377670818238 -0.16101064036433446
 0.73614507257027251 0.72550670969566466 -1.0142688628363172
 0.75593618029028886 -0.61747630884226379 -1.1263765832110708
 0.068343465962064781 0.4095362270788675 0.26132283375374088
 0.7667803796011291 -0.20833870915524574 0.66626089318190351
 0.99080983512592014 0.094033169609293685 0.98611881557973646
 0.09789777069979308 -0.38172685972348863 -0.02372588065472065
 0.26333704602621105 -0.4212732015469689 -0.31587387845248011
 0.10847240055506398 0.56656239786775442 0.24837981648778706



# name: <cell-element>
# type: matrix
# rows: 10
# columns: 11
 0.68135291471692228 0.60409380129619306 0.31212605975626706 0.24899130728756225 0.40821000104717053 -0.17814456520235714 -0.30056232308917963 0.14790003653615263 -0.24037839837574246 -0.046618424521508675 0.76351033022690529
 -0.23330334430922972 -0.099971227187527129 -0.53028403644550182 -0.46092164447972056 0.42970480190156474 0.23216131059096803 0.4683584377439079 0.78754531717186771 0.25943905314960219 -0.49625288086585245 -0.26134729591186101
 0.25957108137443879 0.20461425350282969 0.35443080063465238 -0.016906993244768256 -0.68167354750367859 -0.17006301685727168 -0.1426406023277848 -0.43362259863320046 0.133730100755034 -0.10266019510170522 0.41515290425899959
 -0.098487503003507532 0.15061675211137779 0.16718410483926177 -0.31180439444344782 -0.85196162624421745 0.56075310081930463 -0.44118617472914723 -0.91471412598960322 -0.577457168497579 -0.2589306433856291 0.46104926883422909
 0.20800433119608069 -0.36919547031461519 0.39264506348868367 -0.073248418200382873 -0.36573142846098156 -0.1078707002153062 0.42433556019182811 -0.49377017465517348 0.52467759567822303 0.32279652776540779 -0.34171192344747287
 -0.044431148544298353 -0.16087866202710555 0.1771247799065391 0.31649247357436383 -0.25289977036790734 0.095949390512873989 0.16738385777881132 0.1538375222485136 0.55325544843564567 -0.25911163758320382 -0.42042838341036126
 -0.43121926443196879 0.013654310640769956 0.32448065387489744 0.48947915985391682 -0.14026492415068426 -0.1249010487885971 0.62898240685457985 0.16325558712814958 0.018189468698630442 0.0067420341929662654 0.36698829361208174
 0.48126830900923662 0.22332002101190698 0.18887119681631687 -0.4397120436809101 -0.27490111397519146 0.35950620438322911 -0.064745406416814477 -0.42418578470205132 -0.020284069607776761 -0.38583628467804326 0.1242451510203213
 -0.13907063196402969 0.16055561772347274 -0.66235764646259965 0.76271535685421732 -0.58903579271557904 -0.70513818120707661 0.35058779048061356 -0.35255871638242209 0.67352381048203558 0.56977051129996137 -0.73089644695802347
 0.48816624755151944 0.34006336932312503 0.40856675465457348 0.80649407113798344 -0.45136731330628693 -0.1943634964325347 0.18592261296778434 -0.03309327781779562 -0.16455223635835672 0.070828757646571566 0.59581502893376115



# name: <cell-element>
# type: matrix
# rows: 10
# columns: 11
 -0.11818627611731719 -0.20012356631760408 -0.14752323424754049 -0.597596380498854 0.37972394173100715 0.089337092629818371 0.44929690231170938 0.1324816462093838 -0.34522549629762 0.29789080294029396 -0.19816302310142217
 0.57879713681951395 0.16624906420940366 -0.35920581186858919 0.30829161551459883 0.56360933988573736 -0.1545148207151959 -0.27373071296989915 -0.3047301386187774 0.78745114284380058 -0.63837266016019256 -0.46117697529531448
 0.068953748527054118 -0.22166447488474575 -0.25296216160444124 0.013145547559686371 -0.064331755704777394 -0.071743630500275435 -0.28210613667050738 0.24315606221975569 0.10668384580354225 -0.068533030433418921 0.14085346517390096
 -0.19098333323136021 -0.070465435788727854 0.20000331756255141 -0.43529506403205392 -0.7551340118434906 0.03864401232769242 0.21379440106182668 0.15142504109075655 -0.068556764634540177 -0.16610418432028282 0.064283248729086598
 -0.18342154265049157 0.47100942844911942 0.48441986002063014 0.64560590906923476 0.70378283117693785 0.043550091792936944 0.44378750877685202 0.27389418087216499 0.3262197938430918 -2.5371900233180222e-05 0.73448431424707761
 0.082240114405385534 0.26367297293503678 0.39476915765826515 -0.26564341270219133 -0.15022536199311043 -0.48914466654718369 0.1273242531581342 0.059044436157055562 -0.38286196214827134 0.30967368195123973 0.51374639627888363
 -0.17774886020117689 0.19899931927530035 -0.09957839014767414 -0.20017246156185117 -0.62192774382130045 0.28196909762624345 -0.17873294232493736 -0.56033463740211487 0.06884472769898059 0.25546358969163341 -0.19775803569423506
 0.15649568151694507 -0.61211797014879632 -0.14022692421978739 -0.12870694705524688 0.41369993732516386 0.23956163031566916 0.056725825410103889 -0.50627683353437247 0.27297771704976037 0.90158598089097042 0.060000762751342224
 -0.1027287466156251 -0.60264392152860502 0.65752955899328314 0.054953573899127688 -0.39911957063723791 -0.20749561003501463 0.16612263471803143 0.55703460674094585 -0.30219390539104124 0.0030183782055792537 -0.10505467403930531
 -0.16943710781053556 -0.015081802844828351 -0.20694676739244849 -0.16161982403421363 -0.022711666864973803 0.17237462716464058 -0.41842229812756115 -0.05484642601872005 -0.53187383608593897 0.42136863420742793 0.044801758702029036



# name: <cell-element>
# type: matrix
# rows: 1
# columns: 11
 0.14961072964621083 0.21045991841251452 -0.84589010890577321 0.036575841333311605 -0.67481389986667517 1.0480767993520852 0.01816605137336819 -0.36242588551089866 0.74163985341353467 0.22917897747837876 0.3345247485342705





# name: errors
# type: matrix
# rows: 500
# columns: 1
 0.065315552160114754
 0.040512102155743801
 0.036933755003663971
 0.034197219863247225
 0.032066683471498929
 0.030367610520099907
 0.028957690394022871
 0.027736952747065415
 0.02664776208852155
 0.025661419899816219
 0.024763943079920851
 0.023947023959077288
 0.023203855876282094
 0.022527789556266966
 0.021912202616970858
 0.021350712601159227
 0.020837383162271728
 0.020366835173276362
 0.019934274335485634
 0.019535468786015996
 0.019166704128290964
 0.01882473206419609
 0.018506720108485506
 0.018210204859702303
 0.01793304903759551
 0.017673401790865441
 0.017429661776495471
 0.017200442732049528
 0.016984541487929921
 0.016780908525835681
 0.016588621273504935
 0.016406860343951793
 0.016234888891276895
 0.016072035175685642
 0.015917678320572205
 0.015771237121064915
 0.015632161645221836
 0.015499927273659071
 0.01537403076300122
 0.015253987897728359
 0.015139332310788383
 0.015029615097336165
 0.014924404907289213
 0.014823288270448624
 0.014725869974213063
 0.014631773372721127
 0.014540640554663996
 0.014452132334263458
 0.014365928056739089
 0.014281725227522904
 0.014199238985355666
 0.014118201445022171
 0.014038360937430086
 0.013959481174303623
 0.013881340362929696
 0.013803730293873958
 0.013726455421865564
 0.013649331957439038
 0.013572186984599582
 0.01349485761782594
 0.013417190210155141
 0.013339039622878473
 0.013260268566450108
 0.013180747021486425
 0.013100351748113775
 0.013018965891292441
 0.012936478688991051
 0.012852785289086966
 0.012767786679510422
 0.012681389734331736
 0.012593507376128112
 0.012504058852011038
 0.012412970117144158
 0.012320174315490547
 0.012225612343025138
 0.012129233473939805
 0.012030996025742953
 0.011930868034967561
 0.011828827911863921
 0.011724865040382308
 0.011618980289341932
 0.011511186402237828
 0.011401508236830987
 0.011289982831481861
 0.011176659282917535
 0.011061598429350091
 0.010944872343014013
 0.010826563646570635
 0.010706764677711623
 0.010585576534972848
 0.010463108044619911
 0.0103394746929665
 0.010214797570227006
 0.010089202370693997
 0.009962818489497316
 0.0098357782484344639
 0.0097082162725736602
 0.0095802690260349908
 0.0094520745004270275
 0.0093237720340911615
 0.0091955022261046657
 0.0090674068975343976
 0.0089396290451973035
 0.0088123127312493537
 0.0086856028557587527
 0.0085596447687685002
 0.0084345836922698082
 0.0083105639394972456
 0.0081877279372135243
 0.008066215074325693
 0.007946160415614377
 0.007827693331289215
 0.0077109361007056867
 0.0075960025515857659
 0.007482996794612117
 0.0073720121078107714
 0.0072631300164517302
 0.0071564196031805765
 0.007051937070706853
 0.0069497255665520556
 0.0068498152669550063
 0.0067522237057732774
 0.0066569563246744491
 0.0065640072134759237
 0.0064733600043823947
 0.0063849888811280441
 0.0062988596635425798
 0.0062149309295804782
 0.0061331551400362677
 0.0060534797356083681
 0.0059758481812346963
 0.0059002009382812734
 0.0058264763508346753
 0.0057546114377060344
 0.0056845425865532668
 0.0056162061506017996
 0.005549538951708774
 0.0054844786959541217
 0.0054209643095968632
 0.0053589362041880605
 0.0052983364799917918
 0.005239109076751642
 0.0051811998803710574
 0.0051245567933630217
 0.00506912977606222
 0.0050148708646625736
 0.004961734171203983
 0.004909675869732651
 0.0048586541720281613
 0.004808629295548498
 0.0047595634256003749
 0.0047114206731992368
 0.0046641670296385463
 0.0046177703184351552
 0.0045722001450482401
 0.0045274278445735896
 0.0044834264274829462
 0.0044401705233993258
 0.0043976363228636411
 0.0043558015170474156
 0.0043146452353912271
 0.0042741479811928135
 0.0042342915652247414
 0.0041950590375251836
 0.0041564346175702333
 0.0041184036231003227
 0.0040809523979320403
 0.0040440682391388212
 0.0040077393240270957
 0.0039719546373670851
 0.0039367038993597574
 0.0039019774948312602
 0.0038677664041458582
 0.0038340621363152525
 0.0038008566647595643
 0.0037681423661421434
 0.0037359119626580572
 0.0037041584681068314
 0.0036728751380234411
 0.0036420554240812258
 0.0036116929329158038
 0.0035817813894539296
 0.0035523146047657574
 0.003523286448395595
 0.0034946908250660749
 0.0034665216555954505
 0.0034387728618186955
 0.0034114383552602753
 0.0033845120292722648
 0.0033579877543245241
 0.0033318593761152938
 0.0033061207161600666
 0.0032807655745138039
 0.0032557877342858869
 0.0032311809676175366
 0.0032069390428075238
 0.0031830557322922635
 0.0031595248212100626
 0.0031363401163055833
 0.0031134954549580044
 0.003090984714144868
 0.0030688018191813741
 0.0030469407521023562
 0.0030253955595799659
 0.0030041603602940182
 0.0029832293516943911
 0.002962596816114123
 0.0029422571262098353
 0.0029222047497205004
 0.0029024342535490695
 0.0028829403071813486
 0.0028637176854654795
 0.0028447612707818972
 0.0028260660546384469
 0.0028076271387291562
 0.0027894397354970854
 0.0027714991682430633
 0.0027538008708220723
 0.0027363403869688479
 0.002719113369292989
 0.0027021155779821402
 0.0026853428792504557
 0.002668791243566713
 0.0026524567436947816
 0.0026363355525763181
 0.0026204239410834319
 0.0026047182756665801
 0.0025892150159205472
 0.0025739107120892999
 0.0025588020025282461
 0.0025438856111403519
 0.0025291583448008872
 0.0025146170907835949
 0.0025002588141995871
 0.0024860805554587553
 0.0024720794277621086
 0.0024582526146322385
 0.0024445973674880211
 0.0024311110032686125
 0.0024177909021109718
 0.0024046345050842766
 0.0023916393119840099
 0.002378802879187692
 0.0023661228175739352
 0.0023535967905057098
 0.0023412225118786675
 0.0023289977442346077
 0.0023169202969402359
 0.0023049880244307495
 0.0022931988245179142
 0.0022815506367617018
 0.0022700414409047888
 0.0022586692553687822
 0.002247432135811034
 0.0022363281737408963
 0.0022253554951939657
 0.0022145122594630345
 0.0022037966578843126
 0.0021932069126773856
 0.0021827412758374737
 0.0021723980280784006
 0.0021621754778248549
 0.0021520719602522278
 0.0021420858363726558
 0.0021322154921655694
 0.0021224593377513258
 0.0021128158066063421
 0.0021032833548181736
 0.0020938604603791514
 0.0020845456225169765
 0.0020753373610608306
 0.0020662342158416485
 0.0020572347461249919
 0.0020483375300752536
 0.0020395411642497611
 0.0020308442631214283
 0.002022245458628676
 0.0020137433997513515
 0.0020053367521112994
 0.0019970241975965047
 0.0019888044340074735
 0.0019806761747248034
 0.0019726381483967628
 0.0019646890986457894
 0.0019568277837928591
 0.0019490529765987035
 0.0019413634640208885
 0.0019337580469857526
 0.0019262355401744018
 0.0019187947718216673
 0.0019114345835274339
 0.0019041538300792677
 0.0018969513792857508
 0.0018898261118196398
 0.0018827769210702401
 0.0018758027130041863
 0.0018689024060340946
 0.0018620749308943848
 0.0018553192305237414
 0.001848634259953562
 0.0018420189862020009
 0.0018354723881729772
 0.0018289934565597461
 0.0018225811937525645
 0.0018162346137500715
 0.0018099527420739213
 0.0018037346156863582
 0.0017975792829104096
 0.0017914858033523094
 0.0017854532478258833
 0.0017794806982787035
 0.0017735672477196217
 0.0017677120001475457
 0.0017619140704812123
 0.0017561725844897635
 0.0017504866787239513
 0.0017448555004478138
 0.0017392782075706654
 0.001733753968579227
 0.0017282819624699121
 0.0017228613786810171
 0.0017174914170247592
 0.0017121712876191479
 0.0017069002108195629
 0.0017016774171499471
 0.0016965021472336572
 0.001691373651723835
 0.0016862911912333114
 0.0016812540362639951
 0.00167626146713578
 0.0016713127739148451
 0.0016664072563414671
 0.0016615442237572148
 0.0016567229950316573
 0.0016519428984884878
 0.0016472032718310788
 0.0016425034620675845
 0.0016378428254354524
 0.0016332207273254823
 0.0016286365422054075
 0.0016240896535430034
 0.0016195794537287791
 0.0016151053439982805
 0.0016106667343539778
 0.0016062630434868503
 0.0016018936986975962
 0.0015975581358176137
 0.0015932557991296494
 0.0015889861412882824
 0.0015847486232401706
 0.0015805427141441114
 0.0015763678912910004
 0.0015722236400236473
 0.0015681094536565182
 0.0015640248333954423
 0.0015599692882572462
 0.0015559423349894546
 0.0015519434979899768
 0.001547972309226881
 0.0015440283081582123
 0.0015401110416519753
 0.0015362200639062041
 0.0015323549363692496
 0.0015285152276601709
 0.0015247005134894139
 0.0015209103765796456
 0.0015171444065869134
 0.0015134022000219953
 0.0015096833601721182
 0.0015059874970228993
 0.0015023142271806773
 0.0014986631737951806
 0.0014950339664825132
 0.0014914262412485662
 0.0014878396404127581
 0.0014842738125322593
 0.0014807284123265572
 0.0014772031006024967
 0.001473697544179726
 0.0014702114158166534
 0.0014667443941367726
 0.0014632961635555823
 0.0014598664142078594
 0.0014564548418755415
 0.0014530611479159946
 0.001449685039190904
 0.0014463262279955603
 0.001442984431988749
 0.0014396593741231515
 0.0014363507825762131
 0.001433058390681646
 0.0014297819368613877
 0.0014265211645581415
 0.0014232758221684393
 0.0014200456629762973
 0.0014168304450873494
 0.0014136299313636308
 0.0014104438893588114
 0.0014072720912540768
 0.0014041143137944895
 0.0014009703382259781
 0.0013978399502328368
 0.0013947229398757928
 0.0013916191015306352
 0.0013885282338274233
 0.0013854501395901982
 0.0013823846257773119
 0.0013793315034222513
 0.0013762905875750609
 0.0013732616972442935
 0.0013702446553395281
 0.001367239288614381
 0.0013642454276101528
 0.0013612629065999256
 0.0013582915635332495
 0.0013553312399813685
 0.0013523817810829402
 0.0013494430354903382
 0.0013465148553164295
 0.0013435970960819239
 0.0013406896166631972
 0.0013377922792406816
 0.0013349049492477197
 0.001332027495319969
 0.0013291597892452784
 0.0013263017059141151
 0.0013234531232704167
 0.0013206139222630257
 0.0013177839867975381
 0.001314963203688703
 0.0013121514626132488
 0.0013093486560632368
 0.0013065546792998684
 0.0013037694303077471
 0.0013009928097496568
 0.0012982247209217719
 0.0012954650697093041
 0.0012927137645426883
 0.0012899707163541161
 0.0012872358385346045
 0.0012845090468914695
 0.0012817902596062439
 0.0012790793971930612
 0.0012763763824574046
 0.0012736811404554004
 0.0012709935984534363
 0.0012683136858882313
 0.0012656413343273805
 0.001262976477430236
 0.0012603190509092642
 0.0012576689924917788
 0.001255026241882099
 0.00125239074072411
 0.0012497624325642118
 0.0012471412628146969
 0.0012445271787174823
 0.0012419201293082773
 0.0012393200653810933
 0.0012367269394531974
 0.0012341407057303809
 0.0012315613200726959
 0.0012289887399604762
 0.0012264229244607994
 0.0012238638341943175
 0.0012213114313024056
 0.0012187656794147472
 0.0012162265436172659
 0.0012136939904203641
 0.0012111679877275915
 0.0012086485048046719
 0.001206135512248824
 0.0012036289819584919
 0.0012011288871034123
 0.0011986352020950282
 0.0011961479025572503
 0.0011936669652975384
 0.0011911923682784078
 0.0011887240905891713
 0.0011862621124180738
 0.0011838064150247907
 0.001181356980713186
 0.0011789137928044763
 0.0011764768356106851
 0.0011740460944084303
 0.0011716215554130587
 0.0011692032057530686
 0.0011667910334448972
 0.0011643850273680015
 0.0011619851772402556
 0.0011595914735936901
 0.0011572039077505215
 0.0011548224717995049
 0.0011524471585726058
 0.0011500779616219683
 0.001147714875197192
 0.0011453578942229295
 0.0011430070142767724
 0.0011406622315674297
 0.0011383235429132537
 0.0011359909457210114


# name: epochs
# type: scalar
500






# name: momentum
# type: scalar
0


# name: W
# type: cell
# rows: 1
# columns: 4
# name: <cell-element>
# type: matrix
# rows: 10
# columns: 3
 0.57267080620196775 1.3897040201122308 -4.6465662762811721
 -1.6085908661551909 0.083461648428946184 -4.3221509314130415
 -2.4727491973061451 3.8006425793430996 -0.2895450425048211
 7.8862452688487652 1.1484313931585792 -3.4703809900983567
 -0.70997405259642477 -4.9800177281548139 0.28204319111646609
 -5.2907858165609518 -0.4040024623606247 -3.3051167896303779
 2.5424111056835228 -2.4999877403739319 -2.4477864963414833
 6.7202514428519997 3.5219458529370047 0.38742029057800464
 -7.3623060185916422 2.6548173000709352 -2.5013244704203959
 3.7300693407137566 1.7059793146104103 -4.4929803005161739



# name: <cell-element>
# type: matrix
# rows: 10
# columns: 11
 1.2875043701305624 2.3514679855266301 -0.30065836888833009 -1.8555290557414821 0.33284028107366254 2.0119990202133562 1.0154843629146137 -0.17894365522522485 -3.3643371715913526 1.4928039531862161 1.6501385237499984
 0.87727168464275429 0.43842974369695942 0.75685416851910392 -0.51577604074899952 1.3400043786425695 0.26830925225357416 -0.2873789617402035 0.56555563364232952 -0.09710683257631457 -1.2370793876860715 -0.12498127119730414
 0.57146043405910685 -0.25680090311204018 -3.1061890668666048 -0.20201640782503652 -3.5641463317813584 -3.4073942324332358 1.9760793856078758 -2.230693079264757 -3.2087109612139924 3.0391512223053039 -0.80284443572128206
 -0.86487131956488728 -0.97821141598142347 -1.4659509380360922 1.371633281708605 -1.5901348967200615 -1.7388459492016555 0.31299778829030334 -2.4179615051772378 -0.40194282846545865 2.7952356766509929 -0.5463269360253532
 1.2224687155625844 0.47497208572848132 -0.65961480403090134 -3.9913490904143254 -2.472942735704974 -0.29182989971150769 1.6866528201614885 0.61756558418022178 -4.3280470714638035 0.2124297766665115 4.0980642037050679
 1.1838543799815933 0.13431310451731651 -1.0535380489357387 -3.5985032583232077 -1.3694860369404842 0.60900128710705925 2.2392369661297939 0.11148569781011371 -3.8548850477548942 -0.28826797908848512 3.6453229320473395
 1.16593741523913 1.4054690146247664 2.0928224866614524 -2.2206780186150441 1.8423030603974775 1.0045032241820209 -0.849900509687047 1.2006628357180491 -0.64025239999150696 -3.0990150224580923 0.77724874013766287
 0.69681889316318224 -0.93310684450503001 -3.5557937674057802 0.62724113969750583 -3.3667185589643558 -3.856082216833228 2.3611833330484946 -2.6133168167338874 -1.6480442157356212 3.1596954855573007 -0.73065406510738462
 1.0954141625803664 0.58832635202305028 -0.66097505667804279 -2.5634250587455871 -1.0339928032234804 -0.031448932732326164 0.97380865710398434 0.8641169550459239 -3.3781216335516056 0.23263368526251119 2.6660083293574011
 0.17961282410310875 -1.0285123590908372 -0.33591611623541268 1.1872588865649636 -0.045709168334012777 -1.2556120392077765 -0.42156289826141913 -0.64818350088181054 0.34600785610101786 -0.23948189096278535 -1.6345710368630322



# name: <cell-element>
# type: matrix
# rows: 10
# columns: 11
 1.0551525317462003 -0.81302490645739933 -0.75771320316284319 -0.20613344220755353 -0.28860666696695858 -0.65890863497684682 -0.7531234661323013 -0.24054076741723604 -0.31087888643994577 -0.52427088462431048 0.13462725930767117
 -0.67963623325809575 -3.463318475081719 -0.35625693479172144 -0.4026943640454192 0.36976175786407955 -2.2062679348296634 -1.9008525228757784 -0.015338590589868879 -0.3324053721588382 -0.98228858689294929 1.4369446824947545
 0.50460536251135735 -0.63780048178152704 0.22624725586219549 -0.61083741773415556 -0.42698537303202772 -1.1101037108839316 -1.0479559287332567 0.026016241991384411 -0.90418967173746456 -0.33483748605502106 -0.019613521742919485
 0.63575075521216695 -0.89383108926212484 -0.48381359861539919 -0.86305278575221656 -0.24955175658856343 -0.34484943564560289 -1.1023085479418708 -0.31895111198315645 -0.27975874890012514 -0.5168468705885233 -0.23536437910681807
 -0.64429604789690453 -2.6041584255030963 0.49632569610831001 -0.37459065109770395 0.0083043713051183018 -2.4272168425165614 -2.0530318638481577 -0.41610064200691566 0.21623311465449294 -1.6799011131878407 0.56354122483259472
 0.32882878657374176 -1.2375675155758901 1.2785937475378342 -3.7296228228572361 -3.0672281751717732 -0.0103387709759084 0.19220699782182765 3.662133269630631 -3.9544288545922788 -0.13316960307178208 -1.1770611380323173
 0.16340676102539892 -1.307051470187371 -0.19072662010931671 -0.75478146380585587 0.12059616689643035 -1.5614908465943427 -1.0401211200844589 -0.0060958449742159956 -0.17843504902254081 -1.3351433092346279 0.92205489192620782
 0.75184199721635914 -1.1419577521362885 -0.49050678800743025 -0.34162930579976836 -0.24652271140092952 -0.42853670156710549 -0.31598780081669414 -0.088879002705099699 -0.35432220817307714 -1.0696702506403937 -0.21291154917798999
 -0.77000594495924701 0.40650757247414032 0.25050758776980037 -2.4132247471322921 -2.3088733522854787 1.0904354402559013 1.14819780482293 1.4175191147467618 -3.5573647192324289 1.1146370174317644 -0.69203856764975535
 -1.8103349716567494 -0.97659474243313349 0.49878742237451079 -1.0404910472299811 1.8887215134898707 -3.3569052250779796 -3.4928816909269962 -0.22559163313228101 -0.40649670050837927 -1.9763910206336666 1.291733962382585



# name: <cell-element>
# type: matrix
# rows: 1
# columns: 11
 -2.8482266650598858 -0.67512017424345083 -3.3699439135202658 -1.208153818581774 -0.93582916242928726 -2.6064394804186661 -5.7694105652281857 -1.6121783944980639 -0.73671847040913785 -3.099307877202194 -2.3457503537895903





# name: errors
# type: matrix
# rows: 196
# columns: 1
 0.066381969023613305
 0.063189431141592423
 0.062318301558701654
 0.06195607636569303
 0.061785567938054162
 0.061692987755516973
 0.061636714021486481
 0.061599481860409332
 0.061573195384283658
 0.061553651966725423
 0.061538481263798434
 0.061526249712337083
 0.061516034380901051
 0.061507203404323994
 0.061499293960703354
 0.061491938438529209
 0.061484814299974731
 0.061477603791002332
 0.061469953679542375
 0.061461425239399937
 0.061451420867401303
 0.061439063883964945
 0.061422986176349545
 0.06140092931593736
 0.061368950292070894
 0.061319742379328405
 0.06123887269990072
 0.061096053465841092
 0.060826390754242544
 0.060309819671797209
 0.05944078545352529
 0.05834283853197178
 0.057327758316263994
 0.056577602021599137
 0.056073319495817502
 0.055736370248183537
 0.055504618928795206
 0.055339251145533411
 0.055216999800977024
 0.055123654839726796
 0.05505019044881021
 0.054990584001964535
 0.05494055368666162
 0.054896751425993255
 0.054856108118712679
 0.054815001863399562
 0.05476748967331202
 0.054699802371486861
 0.054568662095344
 0.05421078545361533
 0.052701655157553817
 0.046937875724311247
 0.040818595384496371
 0.039744167822650334
 0.039491124200934591
 0.039206276864646221
 0.038875888987547916
 0.038617272527106172
 0.038056090410150095
 0.037005904001807935
 0.036100423293039356
 0.034639169073728632
 0.032143088168546469
 0.027318021948205286
 0.023816158289054729
 0.021800566077691146
 0.02125123954624936
 0.020578726887784372
 0.019965513320403971
 0.019545795546813571
 0.018874637478783131
 0.018363861331738816
 0.017952396278812181
 0.017575020025075546
 0.017252938832993742
 0.016971369345935215
 0.016687830296072136
 0.016360708116222384
 0.016016761446699956
 0.015733688247146368
 0.015520427817318622
 0.015346683705498061
 0.015293340868485307
 0.015031984631425622
 0.014176089703595712
 0.013598501026773431
 0.013466536150803446
 0.012822048773295793
 0.012695134692753301
 0.012235684634942814
 0.011729981240724281
 0.011329606761825433
 0.010842738490148662
 0.01027353122971977
 0.0097492693380220857
 0.0094108311704538573
 0.0092221929452933164
 0.0087634338870537579
 0.0081401937439356618
 0.0080692898919036173
 0.0079253066235392151
 0.0076877178173627714
 0.0074127118041937079
 0.0071361149236785996
 0.0068689867802527015
 0.0065827760758852671
 0.0061626981332148804
 0.0056623954612635306
 0.0052713598081293913
 0.0046333509809838311
 0.0041701393003575164
 0.0039060882776256875
 0.0036174746001671376
 0.0035044224319248848
 0.003461671229242346
 0.0033963944395655706
 0.0033288462541415701
 0.0032645370208248784
 0.0032147601049234828
 0.0031909645928688713
 0.0032002499934266804
 0.0032203115936600977
 0.0031971408996857671
 0.003142833988262888
 0.0030975326885468628
 0.0030584612028130239
 0.0030166581589372988
 0.0029743243063764754
 0.0029332762526838824
 0.0028934044633770633
 0.0028546920267102718
 0.0028171974071827537
 0.0027808887118988823
 0.0027456739450148326
 0.0027114137967009324
 0.002677925401409082
 0.0026449909300664755
 0.0026123709668302575
 0.0025798221885898307
 0.0025471173463408369
 0.0025140642215489874
 0.0024805199904807933
 0.0024463984315022547
 0.0024116692702255147
 0.0023763508711822905
 0.0023404987037734639
 0.0023041922512980124
 0.0022675225189962111
 0.0022305814898819784
 0.0021934541601801982
 0.0021562133207830483
 0.0021189170038360561
 0.002081608368104935
 0.0020443176584475551
 0.0020070657202384554
 0.0019698684183981113
 0.0019327412614451285
 0.0018957035973078168
 0.00185878191754011
 0.0018220120304680361
 0.0017854400788296159
 0.0017491225330626687
 0.001713125365223555
 0.0016775226095076463
 0.001642394474424518
 0.0016078251253865972
 0.0015739002310616358
 0.0015407043701475599
 0.00150831841838802
 0.0014768170614295017
 0.0014462665910664604
 0.0014167231307230087
 0.0013882313993829661
 0.0013608240678648523
 0.0013345216986447553
 0.0013093332032341038
 0.0012852567101128015
 0.0012622807169564742
 0.0012403854028159315
 0.0012195439935769076
 0.0011997240998324475
 0.0011808889731513858
 0.0011629986497911917
 0.0011460109680187672
 0.0011298824563459209
 0.0011145690963500791
 0.0011000269669052577
 0.0010862127779863154
 0.0010730843027154816
 0.0010606007165526773
 0.0010487228527221472
 0.0010374133831509936
 0.0010266369343122563
 0.0010163601473432468
 0.001006551691596472
 0.00099718224035981939


# name: epochs
# type: scalar
196




